time,event_type,impact,role,nodes,responses,currency,neighbors,contracts,transmission,cfAcceptanceRate,competition,greed,negotiation,growth,nodeRank,knownNodes,competitors,numPathsRatio,pathsInfo
0,summary,0.000000,,,,100.000000,3 5 9 ,,-1.000000,-1.000000,0.057361,0.736949,0.450236,0.433154,1.000000,3 5 9 ,,0.000000,3.000000 0.000000 0.000000 5.000000 0.000000 0.000000 9.000000 0.000000 0.000000 
1,summary,0.000000,,,,100.000000,3 5 9 ,,-1.000000,-1.000000,0.057361,0.736949,0.450236,0.433154,1.000000,3 5 9 ,,0.000000,3.000000 0.000000 0.000000 5.000000 0.000000 0.000000 9.000000 0.000000 0.000000 
2,summary,0.000000,,,,100.000000,3 5 9 ,,-1.000000,-1.000000,0.057361,0.736949,0.450236,0.433154,1.000000,3 5 9 ,,0.000000,3.000000 0.000000 0.000000 5.000000 0.000000 0.000000 9.000000 0.000000 0.000000 
3,summary,0.000000,,,,100.000000,3 5 9 ,,-1.000000,-1.000000,0.057361,0.736949,0.450236,0.433154,1.000000,3 5 9 ,,0.000000,3.000000 0.000000 0.000000 5.000000 0.000000 0.000000 9.000000 0.000000 0.000000 
4,summary,0.000000,,,,100.000000,3 5 9 ,,-1.000000,-1.000000,0.057361,0.736949,0.450236,0.433154,1.000000,3 5 9 ,,0.000000,3.000000 0.000000 0.000000 5.000000 0.000000 0.000000 9.000000 0.000000 0.000000 
5,summary,0.000000,,,,100.000000,3 5 9 ,,-1.000000,-1.000000,0.057361,0.736949,0.450236,0.433154,1.000000,3 5 9 ,,0.000000,3.000000 0.000000 0.000000 5.000000 0.000000 0.000000 9.000000 0.000000 0.000000 
6,summary,0.000000,,,,100.000000,3 5 9 ,,-1.000000,-1.000000,0.057361,0.736949,0.450236,0.433154,1.000000,3 5 9 ,,0.000000,3.000000 0.000000 0.000000 5.000000 0.000000 0.000000 9.000000 0.000000 0.000000 
7,summary,0.000000,,,,100.000000,3 5 9 ,,-1.000000,-1.000000,0.057361,0.736949,0.450236,0.433154,1.000000,3 5 9 ,,0.000000,3.000000 0.000000 0.000000 5.000000 0.000000 0.000000 9.000000 0.000000 0.000000 
8,summary,0.000000,,,,100.000000,3 5 9 ,,-1.000000,-1.000000,0.057361,0.736949,0.450236,0.433154,1.000000,3 5 9 ,,0.000000,3.000000 0.000000 0.000000 5.000000 0.000000 0.000000 9.000000 0.000000 0.000000 
9,summary,0.000000,,,,100.000000,3 5 9 ,,-1.000000,-1.000000,0.057361,0.736949,0.450236,0.433154,1.000000,3 5 9 ,,0.000000,3.000000 0.000000 0.000000 5.000000 0.000000 0.000000 9.000000 0.000000 0.000000 
10,summary,0.000000,,,,100.000000,3 5 9 ,,-1.000000,-1.000000,0.057361,0.736949,0.450236,0.433154,1.000000,3 5 9 ,,0.000000,3.000000 0.000000 0.000000 5.000000 0.000000 0.000000 9.000000 0.000000 0.000000 
11,summary,0.000000,,,,100.000000,3 5 9 ,,-1.000000,-1.000000,0.057361,0.736949,0.450236,0.433154,0.857143,3 5 9 ,,0.000000,3.000000 0.000000 0.000000 5.000000 0.000000 0.000000 9.000000 0.000000 0.000000 
12,discovery,-20.000000,,,,,,,,,,,,,,,,,
12,cf tax,0.938667,,9 ,,,,,,,,,,,,,,,
12,make_bond/direct,-3.428571,receiver,6 6 8 ,8 1,,,,,,,,,,,,,,
12,summary,0.000000,,,,78.448761,3 5 6 9 ,,-1.000000,1.000000,0.057361,0.736949,0.450236,0.433154,0.848837,3 5 9 ,,0.566667,0.000000 0.666667 2.284832 1.000000 0.333333 2.226846 2.000000 0.333333 1.806711 3.000000 0.333333 0.806711 4.000000 1.000000 1.676152 5.000000 1.000000 2.097986 6.000000 1.000000 1.932170 7.000000 0.333333 2.420134 8.000000 0.333333 0.000000 9.000000 0.333333 0.690738 
13,make_bond/direct,-77.598595,sender,8 8 0 ,0 0,,,,,,,,,,,,,,
13,make_bond/direct,-4.743414,receiver,4 4 8 ,8 1,,,,,,,,,,,,,,
13,summary,0.000000,,,,-3.893248,3 4 5 6 9 ,,1.000000,1.000000,0.057361,0.736949,0.450236,0.433154,0.848837,0 1 2 3 4 5 6 7 8 9 ,7 ,0.566667,0.000000 0.666667 2.284832 1.000000 0.333333 2.226846 2.000000 0.333333 1.806711 3.000000 0.333333 0.806711 4.000000 1.000000 1.676152 5.000000 1.000000 2.097986 6.000000 1.000000 1.932170 7.000000 0.333333 2.420134 8.000000 0.333333 0.000000 9.000000 0.333333 0.690738 
