time,event_type,impact,role,nodes,responses,currency,neighbors,contracts,transmission,cfAcceptanceRate,competition,greed,negotiation,growth,nodeRank,knownNodes,competitors,numPathsRatio,pathsInfo
21931,summary,0.000000,,,,100.000000,3 6 9 ,,-1.000000,-1.000000,0.107092,0.871626,0.264386,0.621543,1.000000,3 6 9 ,,0.000000,3.000000 0.000000 0.000000 6.000000 0.000000 0.000000 9.000000 0.000000 0.000000 
1,summary,0.000000,,,,100.000000,3 6 9 ,,-1.000000,-1.000000,0.107092,0.871626,0.264386,0.621543,1.000000,3 6 9 ,,0.000000,3.000000 0.000000 0.000000 6.000000 0.000000 0.000000 9.000000 0.000000 0.000000 
2,summary,0.000000,,,,100.000000,3 6 9 ,,-1.000000,-1.000000,0.107092,0.871626,0.264386,0.621543,1.000000,3 6 9 ,,0.000000,3.000000 0.000000 0.000000 6.000000 0.000000 0.000000 9.000000 0.000000 0.000000 
3,summary,0.000000,,,,100.000000,3 6 9 ,,-1.000000,-1.000000,0.107092,0.871626,0.264386,0.621543,1.000000,3 6 9 ,,0.000000,3.000000 0.000000 0.000000 6.000000 0.000000 0.000000 9.000000 0.000000 0.000000 
4,summary,0.000000,,,,100.000000,3 6 9 ,,-1.000000,-1.000000,0.107092,0.871626,0.264386,0.621543,1.000000,3 6 9 ,,0.000000,3.000000 0.000000 0.000000 6.000000 0.000000 0.000000 9.000000 0.000000 0.000000 
5,summary,0.000000,,,,100.000000,3 6 9 ,,-1.000000,-1.000000,0.107092,0.871626,0.264386,0.621543,1.000000,3 6 9 ,,0.000000,3.000000 0.000000 0.000000 6.000000 0.000000 0.000000 9.000000 0.000000 0.000000 
6,summary,0.000000,,,,100.000000,3 6 9 ,,-1.000000,-1.000000,0.107092,0.871626,0.264386,0.621543,1.000000,3 6 9 ,,0.000000,3.000000 0.000000 0.000000 6.000000 0.000000 0.000000 9.000000 0.000000 0.000000 
7,summary,0.000000,,,,100.000000,3 6 9 ,,-1.000000,-1.000000,0.107092,0.871626,0.264386,0.621543,1.000000,3 6 9 ,,0.000000,3.000000 0.000000 0.000000 6.000000 0.000000 0.000000 9.000000 0.000000 0.000000 
8,summary,0.000000,,,,100.000000,3 6 9 ,,-1.000000,-1.000000,0.107092,0.871626,0.264386,0.621543,1.000000,3 6 9 ,,0.000000,3.000000 0.000000 0.000000 6.000000 0.000000 0.000000 9.000000 0.000000 0.000000 
9,summary,0.000000,,,,100.000000,3 6 9 ,,-1.000000,-1.000000,0.107092,0.871626,0.264386,0.621543,1.000000,3 6 9 ,,0.000000,3.000000 0.000000 0.000000 6.000000 0.000000 0.000000 9.000000 0.000000 0.000000 
10,summary,0.000000,,,,100.000000,3 6 9 ,,-1.000000,-1.000000,0.107092,0.871626,0.264386,0.621543,1.000000,3 6 9 ,,0.000000,3.000000 0.000000 0.000000 6.000000 0.000000 0.000000 9.000000 0.000000 0.000000 
11,summary,0.000000,,,,100.000000,3 6 9 ,,-1.000000,-1.000000,0.107092,0.871626,0.264386,0.621543,0.828571,3 6 9 ,,0.000000,3.000000 0.000000 0.000000 6.000000 0.000000 0.000000 9.000000 0.000000 0.000000 
12,discovery,-20.000000,,,,,,,,,,,,,,,,,
12,break_bond/phantom,-4.114285,sender,7 4 6 ,4 0,,,,,,,,,,,,,,
12,summary,0.000000,,,,80.000000,3 6 9 ,,-1.000000,0.000000,0.107092,0.871626,0.264386,0.621543,0.860465,3 6 9 ,,0.500000,0.000000 0.666667 2.535206 1.000000 0.333333 2.220743 2.000000 0.333333 1.777355 3.000000 0.333333 0.777355 4.000000 0.333333 0.000000 5.000000 1.000000 1.973994 6.000000 1.000000 2.146528 7.000000 0.333333 2.406281 8.000000 0.333333 1.406281 9.000000 0.333333 0.703140 
13,cf tax,0.424477,,6 ,,,,,,,,,,,,,,,
13,break_bond/phantom,-3.384375,sender,9 4 6 ,4 0,,,,,,,,,,,,,,
13,make_bond/direct,-59.492096,sender,4 4 8 ,8 1,,,,,,,,,,,,,,
13,summary,0.000000,,,,21.356857,3 6 8 9 ,,1.000000,0.000000,0.107092,0.871626,0.264386,0.621543,0.860465,0 1 2 3 4 5 6 7 8 9 ,0 1 7 ,0.500000,0.000000 0.666667 2.535206 1.000000 0.333333 2.220743 2.000000 0.333333 1.777355 3.000000 0.333333 0.777355 4.000000 0.333333 0.000000 5.000000 1.000000 1.973994 6.000000 1.000000 2.146528 7.000000 0.333333 2.406281 8.000000 0.333333 1.406281 9.000000 0.333333 0.703140 
14,cf tax,0.135594,,6 ,,,,,,,,,,,,,,,
14,break_bond/phantom,-1.324456,sender,2 4 6 ,4 0,,,,,,,,,,,,,,
14,make_bond/direct,-21.446260,sender,4 4 5 ,5 0,,,,,,,,,,,,,,
14,summary,0.000000,,,,0.181784,3 6 8 9 ,,1.000000,0.000000,0.107092,0.871626,0.264386,0.621543,0.858974,0 1 2 3 4 5 6 7 8 9 ,0 1 7 ,0.500000,0.000000 0.666667 2.535206 1.000000 0.333333 2.220743 2.000000 0.333333 1.777355 3.000000 0.333333 0.777355 4.000000 0.333333 0.000000 5.000000 1.000000 1.973994 6.000000 1.000000 2.146528 7.000000 0.333333 2.406281 8.000000 0.333333 1.406281 9.000000 0.333333 0.703140 
15,break_bond/phantom,-0.011394,sender,2 4 9 ,4 0,,,,,,,,,,,,,,
15,break_bond/phantom,-0.010254,sender,7 4 6 ,4 0,,,,,,,,,,,,,,
15,make_bond/direct,-0.182514,sender,4 4 2 ,2 0,,,,,,,,,,,,,,
15,summary,0.000000,,,,-0.000730,3 6 8 9 ,,1.000000,0.000000,0.107092,0.871626,0.264386,0.621543,0.858974,0 1 2 3 4 5 6 7 8 9 ,0 1 7 ,0.500000,0.000000 0.666667 2.535206 1.000000 0.333333 2.220743 2.000000 0.333333 1.777355 3.000000 0.333333 0.777355 4.000000 0.333333 0.000000 5.000000 1.000000 1.973994 6.000000 1.000000 2.146528 7.000000 0.333333 2.406281 8.000000 0.333333 1.406281 9.000000 0.333333 0.703140 
