time,event_type,impact,role,nodes,responses,currency,neighbors,contracts,transmission,cfAcceptanceRate,competition,greed,negotiation,growth,nodeRank,knownNodes,competitors,numPathsRatio,pathsInfo
0,summary,0.000000,,,,100.000000,1 5 ,,-1.000000,-1.000000,0.315598,0.284943,0.240601,0.484127,1.000000,1 5 ,,0.000000,1.000000 0.000000 0.000000 5.000000 0.000000 0.000000 
1,summary,0.000000,,,,100.000000,1 5 ,,-1.000000,-1.000000,0.315598,0.284943,0.240601,0.484127,1.000000,1 5 ,,0.000000,1.000000 0.000000 0.000000 5.000000 0.000000 0.000000 
2,summary,0.000000,,,,100.000000,1 5 ,,-1.000000,-1.000000,0.315598,0.284943,0.240601,0.484127,1.000000,1 5 ,,0.000000,1.000000 0.000000 0.000000 5.000000 0.000000 0.000000 
3,summary,0.000000,,,,100.000000,1 5 ,,-1.000000,-1.000000,0.315598,0.284943,0.240601,0.484127,1.000000,1 5 ,,0.000000,1.000000 0.000000 0.000000 5.000000 0.000000 0.000000 
4,summary,0.000000,,,,100.000000,1 5 ,,-1.000000,-1.000000,0.315598,0.284943,0.240601,0.484127,1.000000,1 5 ,,0.000000,1.000000 0.000000 0.000000 5.000000 0.000000 0.000000 
5,summary,0.000000,,,,100.000000,1 5 ,,-1.000000,-1.000000,0.315598,0.284943,0.240601,0.484127,1.000000,1 5 ,,0.000000,1.000000 0.000000 0.000000 5.000000 0.000000 0.000000 
6,summary,0.000000,,,,100.000000,1 5 ,,-1.000000,-1.000000,0.315598,0.284943,0.240601,0.484127,1.000000,1 5 ,,0.000000,1.000000 0.000000 0.000000 5.000000 0.000000 0.000000 
7,summary,0.000000,,,,100.000000,1 5 ,,-1.000000,-1.000000,0.315598,0.284943,0.240601,0.484127,1.000000,1 5 ,,0.000000,1.000000 0.000000 0.000000 5.000000 0.000000 0.000000 
8,summary,0.000000,,,,100.000000,1 5 ,,-1.000000,-1.000000,0.315598,0.284943,0.240601,0.484127,1.000000,1 5 ,,0.000000,1.000000 0.000000 0.000000 5.000000 0.000000 0.000000 
9,summary,0.000000,,,,100.000000,1 5 ,,-1.000000,-1.000000,0.315598,0.284943,0.240601,0.484127,1.000000,1 5 ,,0.000000,1.000000 0.000000 0.000000 5.000000 0.000000 0.000000 
10,summary,0.000000,,,,100.000000,1 5 ,,-1.000000,-1.000000,0.315598,0.284943,0.240601,0.484127,1.000000,1 5 ,,0.000000,1.000000 0.000000 0.000000 5.000000 0.000000 0.000000 
11,discovery,-20.000000,,,,,,,,,,,,,,,,,
11,summary,0.000000,,,,80.000000,1 5 ,,-1.000000,-1.000000,0.315598,0.284943,0.240601,0.484127,0.857143,1 5 ,,0.533333,0.000000 0.333333 0.000000 1.000000 1.000000 2.102091 2.000000 1.000000 1.576568 3.000000 1.000000 1.751743 4.000000 0.333333 1.576568 5.000000 0.333333 0.525523 6.000000 0.333333 1.051046 7.000000 0.333333 1.051046 8.000000 0.333333 1.051046 9.000000 0.333333 1.576568 
12,break_bond/phantom,-2.285714,sender,9 0 5 ,0 0,,,,,,,,,,,,,,
12,make_bond/direct,-51.291428,sender,0 0 2 ,2 1,,,,,,,,,,,,,,
12,summary,0.000000,,,,28.708572,1 2 5 ,,1.000000,0.000000,0.315598,0.284943,0.240601,0.484127,0.616279,0 1 2 3 4 5 6 7 8 9 ,3 4 9 ,0.533333,0.000000 0.333333 0.000000 1.000000 1.000000 2.102091 2.000000 1.000000 1.576568 3.000000 1.000000 1.751743 4.000000 0.333333 1.576568 5.000000 0.333333 0.525523 6.000000 0.333333 1.051046 7.000000 0.333333 1.051046 8.000000 0.333333 1.051046 9.000000 0.333333 1.576568 
13,cf tax,1.152494,,5 ,,,,,,,,,,,,,,,
13,break_bond/phantom,-3.304824,sender,2 0 5 ,0 0,,,,,,,,,,,,,,
13,break_bond/phantom,-3.304824,sender,3 0 1 ,0 0,,,,,,,,,,,,,,
13,break_bond/phantom,-3.570166,sender,7 0 5 ,0 0,,,,,,,,,,,,,,
13,make_bond/direct,-20.276600,sender,0 0 7 ,7 0,,,,,,,,,,,,,,
13,make_bond/direct,-3.570166,receiver,8 8 0 ,0 0,,,,,,,,,,,,,,
13,summary,0.000000,,,,10.736961,1 2 5 ,,1.000000,0.000000,0.315598,0.284943,0.240601,0.484127,0.616279,0 1 2 3 4 5 6 7 8 9 ,3 4 9 ,0.533333,0.000000 0.333333 0.000000 1.000000 1.000000 2.102091 2.000000 1.000000 1.576568 3.000000 1.000000 1.751743 4.000000 0.333333 1.576568 5.000000 0.333333 0.525523 6.000000 0.333333 1.051046 7.000000 0.333333 1.051046 8.000000 0.333333 1.051046 9.000000 0.333333 1.576568 
14,make_bond/direct,-7.863576,sender,0 0 6 ,6 1,,,,,,,,,,,,,,
14,summary,0.000000,,,,2.873385,1 2 5 6 ,,1.000000,-1.000000,0.315598,0.284943,0.240601,0.484127,0.653846,0 1 2 3 4 5 6 7 8 9 ,3 4 9 ,0.533333,0.000000 0.333333 0.000000 1.000000 1.000000 2.102091 2.000000 1.000000 1.576568 3.000000 1.000000 1.751743 4.000000 0.333333 1.576568 5.000000 0.333333 0.525523 6.000000 0.333333 1.051046 7.000000 0.333333 1.051046 8.000000 0.333333 1.051046 9.000000 0.333333 1.576568 
15,cf tax,3.426649,,1 ,,,,,,,,,,,,,,,
15,make_bond/direct,-2.818128,sender,0 0 2 ,2 0,,,,,,,,,,,,,,
15,summary,0.000000,,,,6.908556,1 2 5 6 ,,1.000000,-1.000000,0.315598,0.284943,0.240601,0.484127,0.653846,0 1 2 3 4 5 6 7 8 9 ,3 4 9 ,0.533333,0.000000 0.333333 0.000000 1.000000 1.000000 2.102091 2.000000 1.000000 1.576568 3.000000 1.000000 1.751743 4.000000 0.333333 1.576568 5.000000 0.333333 0.525523 6.000000 0.333333 1.051046 7.000000 0.333333 1.051046 8.000000 0.333333 1.051046 9.000000 0.333333 1.576568 
16,make_bond/direct,-7.046727,sender,0 0 7 ,7 0,,,,,,,,,,,,,,
16,summary,0.000000,,,,-0.138171,1 2 5 6 ,,1.000000,-1.000000,0.315598,0.284943,0.240601,0.484127,0.690141,0 1 2 3 4 5 6 7 8 9 ,3 4 9 ,0.533333,0.000000 0.333333 0.000000 1.000000 1.000000 2.102091 2.000000 1.000000 1.576568 3.000000 1.000000 1.751743 4.000000 0.333333 1.576568 5.000000 0.333333 0.525523 6.000000 0.333333 1.051046 7.000000 0.333333 1.051046 8.000000 0.333333 1.051046 9.000000 0.333333 1.576568 
