time,event_type,impact,role,nodes,responses,currency,neighbors,contracts,transmission,cfAcceptanceRate,competition,greed,negotiation,growth,nodeRank,knownNodes,competitors,numPathsRatio,pathsInfo
21931,summary,0.000000,,,,100.000000,0 6 8 ,,-1.000000,-1.000000,0.670743,0.358033,0.208356,0.534175,1.000000,0 6 8 ,,0.000000,0.000000 0.000000 0.000000 6.000000 0.000000 0.000000 8.000000 0.000000 0.000000 
1,summary,0.000000,,,,100.000000,0 6 8 ,,-1.000000,-1.000000,0.670743,0.358033,0.208356,0.534175,1.000000,0 6 8 ,,0.000000,0.000000 0.000000 0.000000 6.000000 0.000000 0.000000 8.000000 0.000000 0.000000 
2,summary,0.000000,,,,100.000000,0 6 8 ,,-1.000000,-1.000000,0.670743,0.358033,0.208356,0.534175,1.000000,0 6 8 ,,0.000000,0.000000 0.000000 0.000000 6.000000 0.000000 0.000000 8.000000 0.000000 0.000000 
3,summary,0.000000,,,,100.000000,0 6 8 ,,-1.000000,-1.000000,0.670743,0.358033,0.208356,0.534175,1.000000,0 6 8 ,,0.000000,0.000000 0.000000 0.000000 6.000000 0.000000 0.000000 8.000000 0.000000 0.000000 
4,summary,0.000000,,,,100.000000,0 6 8 ,,-1.000000,-1.000000,0.670743,0.358033,0.208356,0.534175,1.000000,0 6 8 ,,0.000000,0.000000 0.000000 0.000000 6.000000 0.000000 0.000000 8.000000 0.000000 0.000000 
5,summary,0.000000,,,,100.000000,0 6 8 ,,-1.000000,-1.000000,0.670743,0.358033,0.208356,0.534175,1.000000,0 6 8 ,,0.000000,0.000000 0.000000 0.000000 6.000000 0.000000 0.000000 8.000000 0.000000 0.000000 
6,summary,0.000000,,,,100.000000,0 6 8 ,,-1.000000,-1.000000,0.670743,0.358033,0.208356,0.534175,1.000000,0 6 8 ,,0.000000,0.000000 0.000000 0.000000 6.000000 0.000000 0.000000 8.000000 0.000000 0.000000 
7,summary,0.000000,,,,100.000000,0 6 8 ,,-1.000000,-1.000000,0.670743,0.358033,0.208356,0.534175,1.000000,0 6 8 ,,0.000000,0.000000 0.000000 0.000000 6.000000 0.000000 0.000000 8.000000 0.000000 0.000000 
8,summary,0.000000,,,,100.000000,0 6 8 ,,-1.000000,-1.000000,0.670743,0.358033,0.208356,0.534175,1.000000,0 6 8 ,,0.000000,0.000000 0.000000 0.000000 6.000000 0.000000 0.000000 8.000000 0.000000 0.000000 
9,summary,0.000000,,,,100.000000,0 6 8 ,,-1.000000,-1.000000,0.670743,0.358033,0.208356,0.534175,1.000000,0 6 8 ,,0.000000,0.000000 0.000000 0.000000 6.000000 0.000000 0.000000 8.000000 0.000000 0.000000 
10,summary,0.000000,,,,100.000000,0 6 8 ,,-1.000000,-1.000000,0.670743,0.358033,0.208356,0.534175,1.000000,0 6 8 ,,0.000000,0.000000 0.000000 0.000000 6.000000 0.000000 0.000000 8.000000 0.000000 0.000000 
11,summary,0.000000,,,,100.000000,0 6 8 ,,-1.000000,-1.000000,0.670743,0.358033,0.208356,0.534175,0.857143,0 6 8 ,,0.000000,0.000000 0.000000 0.000000 6.000000 0.000000 0.000000 8.000000 0.000000 0.000000 
12,discovery,-20.000000,,,,,,,,,,,,,,,,,
12,cf tax,0.969143,,6 ,,,,,,,,,,,,,,,
12,cf tax,0.957440,,8 ,,,,,,,,,,,,,,,
12,summary,0.000000,,,,83.853180,0 6 8 ,,-1.000000,-1.000000,0.670743,0.358033,0.208356,0.534175,0.860465,0 6 8 ,,0.533333,0.000000 0.333333 0.970999 1.000000 0.333333 1.825991 2.000000 0.333333 2.608479 3.000000 1.000000 2.700318 4.000000 1.000000 2.395986 5.000000 0.333333 0.000000 6.000000 1.000000 2.700317 7.000000 0.333333 2.680983 8.000000 0.333333 0.927496 9.000000 0.333333 1.811490 
13,cf tax,1.521541,,8 ,,,,,,,,,,,,,,,
13,break_bond/phantom,-58.777176,proposer,5 1 2 ,1 0,,,,,,,,,,,,,,
13,summary,0.000000,,,,28.119080,0 6 8 ,,1.000000,-1.000000,0.670743,0.358033,0.208356,0.534175,0.860465,0 1 2 3 4 5 6 7 8 9 ,0 1 2 3 4 7 8 9 ,0.533333,0.000000 0.333333 0.970999 1.000000 0.333333 1.825991 2.000000 0.333333 2.608479 3.000000 1.000000 2.700318 4.000000 1.000000 2.395986 5.000000 0.333333 0.000000 6.000000 1.000000 2.700317 7.000000 0.333333 2.680983 8.000000 0.333333 0.927496 9.000000 0.333333 1.811490 
14,cf tax,0.154188,,0 ,,,,,,,,,,,,,,,
14,break_bond/phantom,-19.667831,proposer,5 3 8 ,,,,,,,,,,,,,,,
14,make_bond/direct,-1.322207,receiver,4 4 5 ,5 0,,,,,,,,,,,,,,
14,summary,0.000000,,,,8.759624,0 6 8 ,,0.000000,0.000000,0.670743,0.358033,0.208356,0.534175,0.871795,0 1 2 3 4 5 6 7 8 9 ,0 1 2 3 4 7 8 9 ,0.533333,0.000000 0.333333 0.970999 1.000000 0.333333 1.825991 2.000000 0.333333 2.608479 3.000000 1.000000 2.700318 4.000000 1.000000 2.395986 5.000000 0.333333 0.000000 6.000000 1.000000 2.700317 7.000000 0.333333 2.680983 8.000000 0.333333 0.927496 9.000000 0.333333 1.811490 
15,cf tax,0.032199,,6 ,,,,,,,,,,,,,,,
15,break_bond/phantom,-0.374343,sender,1 5 6 ,5 0,,,,,,,,,,,,,,
15,break_bond/phantom,-6.101790,proposer,5 8 9 ,,,,,,,,,,,,,,,
15,summary,0.000000,,,,2.722232,0 6 8 ,,0.000000,0.000000,0.670743,0.358033,0.208356,0.534175,0.871795,0 1 2 3 4 5 6 7 8 9 ,0 1 2 3 4 7 8 9 ,0.533333,0.000000 0.333333 0.970999 1.000000 0.333333 1.825991 2.000000 0.333333 2.608479 3.000000 1.000000 2.700318 4.000000 1.000000 2.395986 5.000000 0.333333 0.000000 6.000000 1.000000 2.700317 7.000000 0.333333 2.680983 8.000000 0.333333 0.927496 9.000000 0.333333 1.811490 
16,break_bond/phantom,-1.896256,proposer,5 8 9 ,,,,,,,,,,,,,,,
16,summary,0.000000,,,,0.825977,0 6 8 ,,0.000000,-1.000000,0.670743,0.358033,0.208356,0.534175,0.873239,0 1 2 3 4 5 6 7 8 9 ,0 1 2 3 4 7 8 9 ,0.533333,0.000000 0.333333 0.970999 1.000000 0.333333 1.825991 2.000000 0.333333 2.608479 3.000000 1.000000 2.700318 4.000000 1.000000 2.395986 5.000000 0.333333 0.000000 6.000000 1.000000 2.700317 7.000000 0.333333 2.680983 8.000000 0.333333 0.927496 9.000000 0.333333 1.811490 
17,break_bond/phantom,-0.580219,proposer,5 0 1 ,,,,,,,,,,,,,,,
17,summary,0.000000,,,,0.245757,0 6 8 ,,0.000000,-1.000000,0.670743,0.358033,0.208356,0.534175,0.815385,0 1 2 3 4 5 6 7 8 9 ,0 1 2 3 4 7 8 9 ,0.533333,0.000000 0.333333 0.970999 1.000000 0.333333 1.825991 2.000000 0.333333 2.608479 3.000000 1.000000 2.700318 4.000000 1.000000 2.395986 5.000000 0.333333 0.000000 6.000000 1.000000 2.700317 7.000000 0.333333 2.680983 8.000000 0.333333 0.927496 9.000000 0.333333 1.811490 
18,cf tax,0.000006,,6 ,,,,,,,,,,,,,,,
18,break_bond/phantom,-0.179025,receiver,5 0 5 ,,,,,,,,,,,,,,,
18,summary,0.000000,,,,0.066745,0 6 8 ,,0.000000,-1.000000,0.670743,0.358033,0.208356,0.534175,0.815385,0 1 2 3 4 5 6 7 8 9 ,0 1 2 3 4 7 8 9 ,0.533333,0.000000 0.333333 0.970999 1.000000 0.333333 1.825991 2.000000 0.333333 2.608479 3.000000 1.000000 2.700318 4.000000 1.000000 2.395986 5.000000 0.333333 0.000000 6.000000 1.000000 2.700317 7.000000 0.333333 2.680983 8.000000 0.333333 0.927496 9.000000 0.333333 1.811490 
19,break_bond/phantom,-0.044925,proposer,5 8 9 ,,,,,,,,,,,,,,,
19,summary,0.000000,,,,0.021821,0 6 8 ,,0.000000,-1.000000,0.670743,0.358033,0.208356,0.534175,0.815385,0 1 2 3 4 5 6 7 8 9 ,0 1 2 3 4 7 8 9 ,0.533333,0.000000 0.333333 0.970999 1.000000 0.333333 1.825991 2.000000 0.333333 2.608479 3.000000 1.000000 2.700318 4.000000 1.000000 2.395986 5.000000 0.333333 0.000000 6.000000 1.000000 2.700317 7.000000 0.333333 2.680983 8.000000 0.333333 0.927496 9.000000 0.333333 1.811490 
20,break_bond/phantom,-0.014687,proposer,5 0 1 ,,,,,,,,,,,,,,,
20,summary,0.000000,,,,0.007134,0 6 8 ,,0.000000,-1.000000,0.670743,0.358033,0.208356,0.534175,0.815385,0 1 2 3 4 5 6 7 8 9 ,0 1 2 3 4 7 8 9 ,0.533333,0.000000 0.333333 0.970999 1.000000 0.333333 1.825991 2.000000 0.333333 2.608479 3.000000 1.000000 2.700318 4.000000 1.000000 2.395986 5.000000 0.333333 0.000000 6.000000 1.000000 2.700317 7.000000 0.333333 2.680983 8.000000 0.333333 0.927496 9.000000 0.333333 1.811490 
21,break_bond/phantom,-0.005240,receiver,5 0 5 ,,,,,,,,,,,,,,,
21,summary,0.000000,,,,0.001893,0 6 8 ,,0.000000,-1.000000,0.670743,0.358033,0.208356,0.534175,0.815385,0 1 2 3 4 5 6 7 8 9 ,0 1 2 3 4 7 8 9 ,0.533333,0.000000 0.333333 0.970999 1.000000 0.333333 1.825991 2.000000 0.333333 2.608479 3.000000 1.000000 2.700318 4.000000 1.000000 2.395986 5.000000 0.333333 0.000000 6.000000 1.000000 2.700317 7.000000 0.333333 2.680983 8.000000 0.333333 0.927496 9.000000 0.333333 1.811490 
22,break_bond/phantom,-0.001289,proposer,5 3 8 ,,,,,,,,,,,,,,,
22,summary,0.000000,,,,0.000604,0 6 8 ,,0.000000,-1.000000,0.670743,0.358033,0.208356,0.534175,0.815385,0 1 2 3 4 5 6 7 8 9 ,0 1 2 3 4 7 8 9 ,0.533333,0.000000 0.333333 0.970999 1.000000 0.333333 1.825991 2.000000 0.333333 2.608479 3.000000 1.000000 2.700318 4.000000 1.000000 2.395986 5.000000 0.333333 0.000000 6.000000 1.000000 2.700317 7.000000 0.333333 2.680983 8.000000 0.333333 0.927496 9.000000 0.333333 1.811490 
23,cf tax,0.000000,,6 ,,,,,,,,,,,,,,,
23,break_bond/phantom,-0.000449,receiver,5 0 5 ,,,,,,,,,,,,,,,
23,summary,0.000000,,,,0.000156,0 6 8 ,,0.000000,-1.000000,0.670743,0.358033,0.208356,0.534175,0.815385,0 1 2 3 4 5 6 7 8 9 ,0 1 2 3 4 7 8 9 ,0.533333,0.000000 0.333333 0.970999 1.000000 0.333333 1.825991 2.000000 0.333333 2.608479 3.000000 1.000000 2.700318 4.000000 1.000000 2.395986 5.000000 0.333333 0.000000 6.000000 1.000000 2.700317 7.000000 0.333333 2.680983 8.000000 0.333333 0.927496 9.000000 0.333333 1.811490 
24,break_bond/direct,-0.000114,sender,5 5 8 ,,,,,,,,,,,,,,,
24,summary,0.000000,,,,0.000041,0 6 8 ,,0.000000,-1.000000,0.670743,0.358033,0.208356,0.534175,0.815385,0 1 2 3 4 5 6 7 8 9 ,0 1 2 3 4 7 8 9 ,0.533333,0.000000 0.333333 0.970999 1.000000 0.333333 1.825991 2.000000 0.333333 2.608479 3.000000 1.000000 2.700318 4.000000 1.000000 2.395986 5.000000 0.333333 0.000000 6.000000 1.000000 2.700317 7.000000 0.333333 2.680983 8.000000 0.333333 0.927496 9.000000 0.333333 1.811490 
25,cf tax,0.000000,,6 ,,,,,,,,,,,,,,,
25,break_bond/phantom,-0.000028,proposer,5 3 8 ,,,,,,,,,,,,,,,
25,summary,0.000000,,,,0.000013,0 6 8 ,,0.000000,-1.000000,0.670743,0.358033,0.208356,0.534175,0.815385,0 1 2 3 4 5 6 7 8 9 ,0 1 2 3 4 7 8 9 ,0.533333,0.000000 0.333333 0.970999 1.000000 0.333333 1.825991 2.000000 0.333333 2.608479 3.000000 1.000000 2.700318 4.000000 1.000000 2.395986 5.000000 0.333333 0.000000 6.000000 1.000000 2.700317 7.000000 0.333333 2.680983 8.000000 0.333333 0.927496 9.000000 0.333333 1.811490 
26,break_bond/phantom,-0.000009,proposer,5 8 9 ,,,,,,,,,,,,,,,
26,summary,0.000000,,,,0.000004,0 6 8 ,,0.000000,-1.000000,0.670743,0.358033,0.208356,0.534175,0.815385,0 1 2 3 4 5 6 7 8 9 ,0 1 2 3 4 7 8 9 ,0.533333,0.000000 0.333333 0.970999 1.000000 0.333333 1.825991 2.000000 0.333333 2.608479 3.000000 1.000000 2.700318 4.000000 1.000000 2.395986 5.000000 0.333333 0.000000 6.000000 1.000000 2.700317 7.000000 0.333333 2.680983 8.000000 0.333333 0.927496 9.000000 0.333333 1.811490 
27,cf tax,0.000000,,6 ,,,,,,,,,,,,,,,
27,break_bond/phantom,-0.000003,proposer,5 0 1 ,,,,,,,,,,,,,,,
27,summary,0.000000,,,,0.000001,0 6 8 ,,0.000000,-1.000000,0.670743,0.358033,0.208356,0.534175,0.815385,0 1 2 3 4 5 6 7 8 9 ,0 1 2 3 4 7 8 9 ,0.533333,0.000000 0.333333 0.970999 1.000000 0.333333 1.825991 2.000000 0.333333 2.608479 3.000000 1.000000 2.700318 4.000000 1.000000 2.395986 5.000000 0.333333 0.000000 6.000000 1.000000 2.700317 7.000000 0.333333 2.680983 8.000000 0.333333 0.927496 9.000000 0.333333 1.811490 
28,break_bond/phantom,-0.000001,proposer,5 1 2 ,,,,,,,,,,,,,,,
28,summary,0.000000,,,,0.000000,0 6 8 ,,0.000000,-1.000000,0.670743,0.358033,0.208356,0.534175,0.815385,0 1 2 3 4 5 6 7 8 9 ,0 1 2 3 4 7 8 9 ,0.533333,0.000000 0.333333 0.970999 1.000000 0.333333 1.825991 2.000000 0.333333 2.608479 3.000000 1.000000 2.700318 4.000000 1.000000 2.395986 5.000000 0.333333 0.000000 6.000000 1.000000 2.700317 7.000000 0.333333 2.680983 8.000000 0.333333 0.927496 9.000000 0.333333 1.811490 
29,break_bond/phantom,-0.000000,proposer,5 3 8 ,,,,,,,,,,,,,,,
29,summary,0.000000,,,,0.000000,0 6 8 ,,0.000000,-1.000000,0.670743,0.358033,0.208356,0.534175,0.815385,0 1 2 3 4 5 6 7 8 9 ,0 1 2 3 4 7 8 9 ,0.533333,0.000000 0.333333 0.970999 1.000000 0.333333 1.825991 2.000000 0.333333 2.608479 3.000000 1.000000 2.700318 4.000000 1.000000 2.395986 5.000000 0.333333 0.000000 6.000000 1.000000 2.700317 7.000000 0.333333 2.680983 8.000000 0.333333 0.927496 9.000000 0.333333 1.811490 
30,cf tax,0.000000,,6 ,,,,,,,,,,,,,,,
30,break_bond/phantom,-0.000000,proposer,5 8 9 ,,,,,,,,,,,,,,,
30,summary,0.000000,,,,0.000000,0 6 8 ,,0.000000,-1.000000,0.670743,0.358033,0.208356,0.534175,0.769231,0 1 2 3 4 5 6 7 8 9 ,0 1 2 3 4 7 8 9 ,0.533333,0.000000 0.333333 0.970999 1.000000 0.333333 1.825991 2.000000 0.333333 2.608479 3.000000 1.000000 2.700318 4.000000 1.000000 2.395986 5.000000 0.333333 0.000000 6.000000 1.000000 2.700317 7.000000 0.333333 2.680983 8.000000 0.333333 0.927496 9.000000 0.333333 1.811490 
31,break_bond/phantom,-0.000000,proposer,5 8 9 ,,,,,,,,,,,,,,,
31,summary,0.000000,,,,0.000000,0 6 8 ,,0.000000,-1.000000,0.670743,0.358033,0.208356,0.534175,0.769231,0 1 2 3 4 5 6 7 8 9 ,0 1 2 3 4 7 8 9 ,0.533333,0.000000 0.333333 0.970999 1.000000 0.333333 1.825991 2.000000 0.333333 2.608479 3.000000 1.000000 2.700318 4.000000 1.000000 2.395986 5.000000 0.333333 0.000000 6.000000 1.000000 2.700317 7.000000 0.333333 2.680983 8.000000 0.333333 0.927496 9.000000 0.333333 1.811490 
32,cf tax,0.000000,,6 ,,,,,,,,,,,,,,,
32,break_bond/phantom,-0.000000,proposer,5 0 1 ,,,,,,,,,,,,,,,
32,summary,0.000000,,,,0.000000,0 6 8 ,,0.000000,-1.000000,0.670743,0.358033,0.208356,0.534175,0.769231,0 1 2 3 4 5 6 7 8 9 ,0 1 2 3 4 7 8 9 ,0.533333,0.000000 0.333333 0.970999 1.000000 0.333333 1.825991 2.000000 0.333333 2.608479 3.000000 1.000000 2.700318 4.000000 1.000000 2.395986 5.000000 0.333333 0.000000 6.000000 1.000000 2.700317 7.000000 0.333333 2.680983 8.000000 0.333333 0.927496 9.000000 0.333333 1.811490 
33,break_bond/phantom,-0.000000,receiver,5 0 5 ,,,,,,,,,,,,,,,
33,summary,0.000000,,,,0.000000,0 6 8 ,,0.000000,-1.000000,0.670743,0.358033,0.208356,0.534175,0.769231,0 1 2 3 4 5 6 7 8 9 ,0 1 2 3 4 7 8 9 ,0.533333,0.000000 0.333333 0.970999 1.000000 0.333333 1.825991 2.000000 0.333333 2.608479 3.000000 1.000000 2.700318 4.000000 1.000000 2.395986 5.000000 0.333333 0.000000 6.000000 1.000000 2.700317 7.000000 0.333333 2.680983 8.000000 0.333333 0.927496 9.000000 0.333333 1.811490 
34,break_bond/phantom,-0.000000,proposer,5 1 2 ,,,,,,,,,,,,,,,
34,summary,0.000000,,,,0.000000,0 6 8 ,,0.000000,-1.000000,0.670743,0.358033,0.208356,0.534175,0.769231,0 1 2 3 4 5 6 7 8 9 ,0 1 2 3 4 7 8 9 ,0.533333,0.000000 0.333333 0.970999 1.000000 0.333333 1.825991 2.000000 0.333333 2.608479 3.000000 1.000000 2.700318 4.000000 1.000000 2.395986 5.000000 0.333333 0.000000 6.000000 1.000000 2.700317 7.000000 0.333333 2.680983 8.000000 0.333333 0.927496 9.000000 0.333333 1.811490 
35,cf tax,0.000000,,6 ,,,,,,,,,,,,,,,
35,break_bond/phantom,-0.000000,proposer,5 1 7 ,,,,,,,,,,,,,,,
35,summary,0.000000,,,,0.000000,0 6 8 ,,0.000000,-1.000000,0.670743,0.358033,0.208356,0.534175,0.769231,0 1 2 3 4 5 6 7 8 9 ,0 1 2 3 4 7 8 9 ,0.533333,0.000000 0.333333 0.970999 1.000000 0.333333 1.825991 2.000000 0.333333 2.608479 3.000000 1.000000 2.700318 4.000000 1.000000 2.395986 5.000000 0.333333 0.000000 6.000000 1.000000 2.700317 7.000000 0.333333 2.680983 8.000000 0.333333 0.927496 9.000000 0.333333 1.811490 
36,cf tax,0.000000,,6 ,,,,,,,,,,,,,,,
36,break_bond/phantom,-0.000000,proposer,5 8 9 ,,,,,,,,,,,,,,,
36,summary,0.000000,,,,0.000000,0 6 8 ,,0.000000,-1.000000,0.670743,0.358033,0.208356,0.534175,0.769231,0 1 2 3 4 5 6 7 8 9 ,0 1 2 3 4 7 8 9 ,0.533333,0.000000 0.333333 0.970999 1.000000 0.333333 1.825991 2.000000 0.333333 2.608479 3.000000 1.000000 2.700318 4.000000 1.000000 2.395986 5.000000 0.333333 0.000000 6.000000 1.000000 2.700317 7.000000 0.333333 2.680983 8.000000 0.333333 0.927496 9.000000 0.333333 1.811490 
37,break_bond/phantom,-0.000000,proposer,5 1 2 ,,,,,,,,,,,,,,,
37,summary,0.000000,,,,0.000000,0 6 8 ,,0.000000,-1.000000,0.670743,0.358033,0.208356,0.534175,0.769231,0 1 2 3 4 5 6 7 8 9 ,0 1 2 3 4 7 8 9 ,0.533333,0.000000 0.333333 0.970999 1.000000 0.333333 1.825991 2.000000 0.333333 2.608479 3.000000 1.000000 2.700318 4.000000 1.000000 2.395986 5.000000 0.333333 0.000000 6.000000 1.000000 2.700317 7.000000 0.333333 2.680983 8.000000 0.333333 0.927496 9.000000 0.333333 1.811490 
38,cf tax,0.000000,,6 ,,,,,,,,,,,,,,,
38,break_bond/phantom,-0.000000,proposer,5 1 7 ,,,,,,,,,,,,,,,
38,summary,0.000000,,,,0.000000,0 6 8 ,,0.000000,-1.000000,0.670743,0.358033,0.208356,0.534175,0.757576,0 1 2 3 4 5 6 7 8 9 ,0 1 2 3 4 7 8 9 ,0.533333,0.000000 0.333333 0.970999 1.000000 0.333333 1.825991 2.000000 0.333333 2.608479 3.000000 1.000000 2.700318 4.000000 1.000000 2.395986 5.000000 0.333333 0.000000 6.000000 1.000000 2.700317 7.000000 0.333333 2.680983 8.000000 0.333333 0.927496 9.000000 0.333333 1.811490 
39,cf tax,0.000000,,6 ,,,,,,,,,,,,,,,
39,break_bond/phantom,-0.000000,proposer,5 3 8 ,,,,,,,,,,,,,,,
39,summary,0.000000,,,,0.000000,0 6 8 ,,0.000000,-1.000000,0.670743,0.358033,0.208356,0.534175,0.757576,0 1 2 3 4 5 6 7 8 9 ,0 1 2 3 4 7 8 9 ,0.533333,0.000000 0.333333 0.970999 1.000000 0.333333 1.825991 2.000000 0.333333 2.608479 3.000000 1.000000 2.700318 4.000000 1.000000 2.395986 5.000000 0.333333 0.000000 6.000000 1.000000 2.700317 7.000000 0.333333 2.680983 8.000000 0.333333 0.927496 9.000000 0.333333 1.811490 
40,break_bond/phantom,-0.000000,proposer,5 1 2 ,,,,,,,,,,,,,,,
40,summary,0.000000,,,,0.000000,0 6 8 ,,0.000000,-1.000000,0.670743,0.358033,0.208356,0.534175,0.757576,0 1 2 3 4 5 6 7 8 9 ,0 1 2 3 4 7 8 9 ,0.533333,0.000000 0.333333 0.970999 1.000000 0.333333 1.825991 2.000000 0.333333 2.608479 3.000000 1.000000 2.700318 4.000000 1.000000 2.395986 5.000000 0.333333 0.000000 6.000000 1.000000 2.700317 7.000000 0.333333 2.680983 8.000000 0.333333 0.927496 9.000000 0.333333 1.811490 
41,cf tax,0.000000,,6 ,,,,,,,,,,,,,,,
41,break_bond/phantom,-0.000000,proposer,5 1 7 ,,,,,,,,,,,,,,,
41,summary,0.000000,,,,0.000000,0 6 8 ,,0.000000,-1.000000,0.670743,0.358033,0.208356,0.534175,0.757576,0 1 2 3 4 5 6 7 8 9 ,0 1 2 3 4 7 8 9 ,0.533333,0.000000 0.333333 0.970999 1.000000 0.333333 1.825991 2.000000 0.333333 2.608479 3.000000 1.000000 2.700318 4.000000 1.000000 2.395986 5.000000 0.333333 0.000000 6.000000 1.000000 2.700317 7.000000 0.333333 2.680983 8.000000 0.333333 0.927496 9.000000 0.333333 1.811490 
42,cf tax,0.000000,,6 ,,,,,,,,,,,,,,,
42,break_bond/phantom,-0.000000,proposer,5 3 8 ,,,,,,,,,,,,,,,
42,summary,0.000000,,,,0.000000,0 6 8 ,,0.000000,-1.000000,0.670743,0.358033,0.208356,0.534175,0.738462,0 1 2 3 4 5 6 7 8 9 ,0 1 2 3 4 7 8 9 ,0.533333,0.000000 0.333333 0.970999 1.000000 0.333333 1.825991 2.000000 0.333333 2.608479 3.000000 1.000000 2.700318 4.000000 1.000000 2.395986 5.000000 0.333333 0.000000 6.000000 1.000000 2.700317 7.000000 0.333333 2.680983 8.000000 0.333333 0.927496 9.000000 0.333333 1.811490 
43,break_bond/phantom,-0.000000,proposer,5 1 2 ,,,,,,,,,,,,,,,
43,summary,0.000000,,,,0.000000,0 6 8 ,,0.000000,-1.000000,0.670743,0.358033,0.208356,0.534175,0.738462,0 1 2 3 4 5 6 7 8 9 ,0 1 2 3 4 7 8 9 ,0.533333,0.000000 0.333333 0.970999 1.000000 0.333333 1.825991 2.000000 0.333333 2.608479 3.000000 1.000000 2.700318 4.000000 1.000000 2.395986 5.000000 0.333333 0.000000 6.000000 1.000000 2.700317 7.000000 0.333333 2.680983 8.000000 0.333333 0.927496 9.000000 0.333333 1.811490 
44,break_bond/phantom,-0.000000,proposer,5 0 1 ,,,,,,,,,,,,,,,
44,summary,0.000000,,,,0.000000,0 6 8 ,,0.000000,-1.000000,0.670743,0.358033,0.208356,0.534175,0.738462,0 1 2 3 4 5 6 7 8 9 ,0 1 2 3 4 7 8 9 ,0.533333,0.000000 0.333333 0.970999 1.000000 0.333333 1.825991 2.000000 0.333333 2.608479 3.000000 1.000000 2.700318 4.000000 1.000000 2.395986 5.000000 0.333333 0.000000 6.000000 1.000000 2.700317 7.000000 0.333333 2.680983 8.000000 0.333333 0.927496 9.000000 0.333333 1.811490 
45,break_bond/phantom,-0.000000,receiver,5 0 5 ,,,,,,,,,,,,,,,
45,summary,0.000000,,,,0.000000,0 6 8 ,,0.000000,-1.000000,0.670743,0.358033,0.208356,0.534175,0.738462,0 1 2 3 4 5 6 7 8 9 ,0 1 2 3 4 7 8 9 ,0.533333,0.000000 0.333333 0.970999 1.000000 0.333333 1.825991 2.000000 0.333333 2.608479 3.000000 1.000000 2.700318 4.000000 1.000000 2.395986 5.000000 0.333333 0.000000 6.000000 1.000000 2.700317 7.000000 0.333333 2.680983 8.000000 0.333333 0.927496 9.000000 0.333333 1.811490 
46,break_bond/phantom,-0.000000,proposer,5 1 2 ,,,,,,,,,,,,,,,
46,summary,0.000000,,,,0.000000,0 6 8 ,,0.000000,-1.000000,0.670743,0.358033,0.208356,0.534175,0.738462,0 1 2 3 4 5 6 7 8 9 ,0 1 2 3 4 7 8 9 ,0.533333,0.000000 0.333333 0.970999 1.000000 0.333333 1.825991 2.000000 0.333333 2.608479 3.000000 1.000000 2.700318 4.000000 1.000000 2.395986 5.000000 0.333333 0.000000 6.000000 1.000000 2.700317 7.000000 0.333333 2.680983 8.000000 0.333333 0.927496 9.000000 0.333333 1.811490 
47,cf tax,0.000000,,6 ,,,,,,,,,,,,,,,
47,break_bond/phantom,-0.000000,proposer,5 1 7 ,,,,,,,,,,,,,,,
47,summary,0.000000,,,,0.000000,0 6 8 ,,0.000000,-1.000000,0.670743,0.358033,0.208356,0.534175,0.738462,0 1 2 3 4 5 6 7 8 9 ,0 1 2 3 4 7 8 9 ,0.533333,0.000000 0.333333 0.970999 1.000000 0.333333 1.825991 2.000000 0.333333 2.608479 3.000000 1.000000 2.700318 4.000000 1.000000 2.395986 5.000000 0.333333 0.000000 6.000000 1.000000 2.700317 7.000000 0.333333 2.680983 8.000000 0.333333 0.927496 9.000000 0.333333 1.811490 
48,break_bond/phantom,-0.000000,proposer,5 0 1 ,,,,,,,,,,,,,,,
48,summary,0.000000,,,,0.000000,0 6 8 ,,0.000000,-1.000000,0.670743,0.358033,0.208356,0.534175,0.738462,0 1 2 3 4 5 6 7 8 9 ,0 1 2 3 4 7 8 9 ,0.533333,0.000000 0.333333 0.970999 1.000000 0.333333 1.825991 2.000000 0.333333 2.608479 3.000000 1.000000 2.700318 4.000000 1.000000 2.395986 5.000000 0.333333 0.000000 6.000000 1.000000 2.700317 7.000000 0.333333 2.680983 8.000000 0.333333 0.927496 9.000000 0.333333 1.811490 
49,break_bond/phantom,-0.000000,proposer,5 1 2 ,,,,,,,,,,,,,,,
49,summary,0.000000,,,,0.000000,0 6 8 ,,0.000000,-1.000000,0.670743,0.358033,0.208356,0.534175,0.738462,0 1 2 3 4 5 6 7 8 9 ,0 1 2 3 4 7 8 9 ,0.533333,0.000000 0.333333 0.970999 1.000000 0.333333 1.825991 2.000000 0.333333 2.608479 3.000000 1.000000 2.700318 4.000000 1.000000 2.395986 5.000000 0.333333 0.000000 6.000000 1.000000 2.700317 7.000000 0.333333 2.680983 8.000000 0.333333 0.927496 9.000000 0.333333 1.811490 
50,cf tax,0.000000,,6 ,,,,,,,,,,,,,,,
50,break_bond/phantom,-0.000000,proposer,5 0 1 ,,,,,,,,,,,,,,,
50,summary,0.000000,,,,0.000000,0 6 8 ,,0.000000,-1.000000,0.670743,0.358033,0.208356,0.534175,0.738462,0 1 2 3 4 5 6 7 8 9 ,0 1 2 3 4 7 8 9 ,0.533333,0.000000 0.333333 0.970999 1.000000 0.333333 1.825991 2.000000 0.333333 2.608479 3.000000 1.000000 2.700318 4.000000 1.000000 2.395986 5.000000 0.333333 0.000000 6.000000 1.000000 2.700317 7.000000 0.333333 2.680983 8.000000 0.333333 0.927496 9.000000 0.333333 1.811490 
51,cf tax,0.000000,,6 ,,,,,,,,,,,,,,,
51,break_bond/phantom,-0.000000,receiver,5 0 5 ,,,,,,,,,,,,,,,
51,summary,0.000000,,,,0.000000,0 6 8 ,,0.000000,-1.000000,0.670743,0.358033,0.208356,0.534175,0.738462,0 1 2 3 4 5 6 7 8 9 ,0 1 2 3 4 7 8 9 ,0.533333,0.000000 0.333333 0.970999 1.000000 0.333333 1.825991 2.000000 0.333333 2.608479 3.000000 1.000000 2.700318 4.000000 1.000000 2.395986 5.000000 0.333333 0.000000 6.000000 1.000000 2.700317 7.000000 0.333333 2.680983 8.000000 0.333333 0.927496 9.000000 0.333333 1.811490 
52,break_bond/phantom,-0.000000,proposer,5 1 2 ,,,,,,,,,,,,,,,
52,summary,0.000000,,,,0.000000,0 6 8 ,,0.000000,-1.000000,0.670743,0.358033,0.208356,0.534175,0.754386,0 1 2 3 4 5 6 7 8 9 ,0 1 2 3 4 7 8 9 ,0.533333,0.000000 0.333333 0.970999 1.000000 0.333333 1.825991 2.000000 0.333333 2.608479 3.000000 1.000000 2.700318 4.000000 1.000000 2.395986 5.000000 0.333333 0.000000 6.000000 1.000000 2.700317 7.000000 0.333333 2.680983 8.000000 0.333333 0.927496 9.000000 0.333333 1.811490 
53,break_bond/phantom,-0.000000,proposer,5 1 7 ,,,,,,,,,,,,,,,
53,summary,0.000000,,,,0.000000,0 6 8 ,,0.000000,-1.000000,0.670743,0.358033,0.208356,0.534175,0.680000,0 1 2 3 4 5 6 7 8 9 ,0 1 2 3 4 7 8 9 ,0.533333,0.000000 0.333333 0.970999 1.000000 0.333333 1.825991 2.000000 0.333333 2.608479 3.000000 1.000000 2.700318 4.000000 1.000000 2.395986 5.000000 0.333333 0.000000 6.000000 1.000000 2.700317 7.000000 0.333333 2.680983 8.000000 0.333333 0.927496 9.000000 0.333333 1.811490 
54,break_bond/phantom,-0.000000,proposer,5 8 9 ,,,,,,,,,,,,,,,
54,summary,0.000000,,,,0.000000,0 6 8 ,,0.000000,-1.000000,0.670743,0.358033,0.208356,0.534175,0.878788,0 1 2 3 4 5 6 7 8 9 ,0 1 2 3 4 7 8 9 ,0.533333,0.000000 0.333333 0.970999 1.000000 0.333333 1.825991 2.000000 0.333333 2.608479 3.000000 1.000000 2.700318 4.000000 1.000000 2.395986 5.000000 0.333333 0.000000 6.000000 1.000000 2.700317 7.000000 0.333333 2.680983 8.000000 0.333333 0.927496 9.000000 0.333333 1.811490 
55,break_bond/phantom,-0.000000,proposer,5 1 2 ,,,,,,,,,,,,,,,
55,summary,0.000000,,,,0.000000,0 6 8 ,,0.000000,-1.000000,0.670743,0.358033,0.208356,0.534175,0.878788,0 1 2 3 4 5 6 7 8 9 ,0 1 2 3 4 7 8 9 ,0.533333,0.000000 0.333333 0.970999 1.000000 0.333333 1.825991 2.000000 0.333333 2.608479 3.000000 1.000000 2.700318 4.000000 1.000000 2.395986 5.000000 0.333333 0.000000 6.000000 1.000000 2.700317 7.000000 0.333333 2.680983 8.000000 0.333333 0.927496 9.000000 0.333333 1.811490 
56,break_bond/phantom,-0.000000,proposer,5 3 8 ,,,,,,,,,,,,,,,
56,summary,0.000000,,,,0.000000,0 6 8 ,,0.000000,-1.000000,0.670743,0.358033,0.208356,0.534175,0.878788,0 1 2 3 4 5 6 7 8 9 ,0 1 2 3 4 7 8 9 ,0.533333,0.000000 0.333333 0.970999 1.000000 0.333333 1.825991 2.000000 0.333333 2.608479 3.000000 1.000000 2.700318 4.000000 1.000000 2.395986 5.000000 0.333333 0.000000 6.000000 1.000000 2.700317 7.000000 0.333333 2.680983 8.000000 0.333333 0.927496 9.000000 0.333333 1.811490 
57,break_bond/phantom,-0.000000,proposer,5 8 9 ,,,,,,,,,,,,,,,
57,summary,0.000000,,,,0.000000,0 6 8 ,,0.000000,-1.000000,0.670743,0.358033,0.208356,0.534175,0.962963,0 1 2 3 4 5 6 7 8 9 ,0 1 2 3 4 7 8 9 ,0.533333,0.000000 0.333333 0.970999 1.000000 0.333333 1.825991 2.000000 0.333333 2.608479 3.000000 1.000000 2.700318 4.000000 1.000000 2.395986 5.000000 0.333333 0.000000 6.000000 1.000000 2.700317 7.000000 0.333333 2.680983 8.000000 0.333333 0.927496 9.000000 0.333333 1.811490 
