time,event_type,impact,role,nodes,responses,currency,neighbors,contracts,transmission,cfAcceptanceRate,competition,greed,negotiation,growth,nodeRank,knownNodes,competitors,numPathsRatio,pathsInfo
21931,summary,0.000000,,,,100.000000,4 5 ,,-1.000000,-1.000000,0.384512,0.844556,0.883552,0.461531,1.000000,4 5 ,,0.000000,4.000000 0.000000 0.000000 5.000000 0.000000 0.000000 
1,summary,0.000000,,,,100.000000,4 5 ,,-1.000000,-1.000000,0.384512,0.844556,0.883552,0.461531,1.000000,4 5 ,,0.000000,4.000000 0.000000 0.000000 5.000000 0.000000 0.000000 
2,summary,0.000000,,,,100.000000,4 5 ,,-1.000000,-1.000000,0.384512,0.844556,0.883552,0.461531,1.000000,4 5 ,,0.000000,4.000000 0.000000 0.000000 5.000000 0.000000 0.000000 
3,summary,0.000000,,,,100.000000,4 5 ,,-1.000000,-1.000000,0.384512,0.844556,0.883552,0.461531,1.000000,4 5 ,,0.000000,4.000000 0.000000 0.000000 5.000000 0.000000 0.000000 
4,summary,0.000000,,,,100.000000,4 5 ,,-1.000000,-1.000000,0.384512,0.844556,0.883552,0.461531,1.000000,4 5 ,,0.000000,4.000000 0.000000 0.000000 5.000000 0.000000 0.000000 
5,summary,0.000000,,,,100.000000,4 5 ,,-1.000000,-1.000000,0.384512,0.844556,0.883552,0.461531,1.000000,4 5 ,,0.000000,4.000000 0.000000 0.000000 5.000000 0.000000 0.000000 
6,summary,0.000000,,,,100.000000,4 5 ,,-1.000000,-1.000000,0.384512,0.844556,0.883552,0.461531,1.000000,4 5 ,,0.000000,4.000000 0.000000 0.000000 5.000000 0.000000 0.000000 
7,summary,0.000000,,,,100.000000,4 5 ,,-1.000000,-1.000000,0.384512,0.844556,0.883552,0.461531,1.000000,4 5 ,,0.000000,4.000000 0.000000 0.000000 5.000000 0.000000 0.000000 
8,summary,0.000000,,,,100.000000,4 5 ,,-1.000000,-1.000000,0.384512,0.844556,0.883552,0.461531,1.000000,4 5 ,,0.000000,4.000000 0.000000 0.000000 5.000000 0.000000 0.000000 
9,summary,0.000000,,,,100.000000,4 5 ,,-1.000000,-1.000000,0.384512,0.844556,0.883552,0.461531,1.000000,4 5 ,,0.000000,4.000000 0.000000 0.000000 5.000000 0.000000 0.000000 
10,summary,0.000000,,,,100.000000,4 5 ,,-1.000000,-1.000000,0.384512,0.844556,0.883552,0.461531,1.000000,4 5 ,,0.000000,4.000000 0.000000 0.000000 5.000000 0.000000 0.000000 
11,discovery,-20.000000,,,,,,,,,,,,,,,,,
11,summary,0.000000,,,,80.000000,4 5 ,,-1.000000,-1.000000,0.384512,0.844556,0.883552,0.461531,0.771429,4 5 ,,0.600000,0.000000 1.000000 1.251394 1.000000 0.666667 1.094970 2.000000 0.333333 0.938545 3.000000 0.333333 0.625697 4.000000 0.333333 0.312848 5.000000 1.000000 0.938545 6.000000 0.333333 0.000000 7.000000 0.666667 1.251394 8.000000 1.000000 0.834262 9.000000 0.333333 0.625697 
12,make_bond/direct,-49.426289,sender,6 6 8 ,8 1,,,,,,,,,,,,,,
12,summary,0.000000,,,,30.573711,4 5 8 ,,1.000000,-1.000000,0.384512,0.844556,0.883552,0.461531,0.627907,0 1 2 3 4 5 6 7 8 9 ,1 2 7 ,0.600000,0.000000 1.000000 1.251394 1.000000 0.666667 1.094970 2.000000 0.333333 0.938545 3.000000 0.333333 0.625697 4.000000 0.333333 0.312848 5.000000 1.000000 0.938545 6.000000 0.333333 0.000000 7.000000 0.666667 1.251394 8.000000 1.000000 0.834262 9.000000 0.333333 0.625697 
13,make_bond/direct,-21.648321,sender,6 6 9 ,9 0,,,,,,,,,,,,,,
13,summary,0.000000,,,,8.925390,4 5 8 ,,1.000000,-1.000000,0.384512,0.844556,0.883552,0.461531,0.627907,0 1 2 3 4 5 6 7 8 9 ,1 2 7 ,0.600000,0.000000 1.000000 1.251394 1.000000 0.666667 1.094970 2.000000 0.333333 0.938545 3.000000 0.333333 0.625697 4.000000 0.333333 0.312848 5.000000 1.000000 0.938545 6.000000 0.333333 0.000000 7.000000 0.666667 1.251394 8.000000 1.000000 0.834262 9.000000 0.333333 0.625697 
14,cf tax,0.420515,,4 ,,,,,,,,,,,,,,,
14,make_bond/direct,-6.915307,sender,6 6 3 ,3 0,,,,,,,,,,,,,,
14,make_bond/direct,-1.107025,receiver,0 0 6 ,6 1,,,,,,,,,,,,,,
14,summary,0.000000,,,,1.744088,0 4 5 8 ,,1.000000,1.000000,0.384512,0.844556,0.883552,0.461531,0.615385,0 1 2 3 4 5 6 7 8 9 ,1 2 7 ,0.600000,0.000000 1.000000 1.251394 1.000000 0.666667 1.094970 2.000000 0.333333 0.938545 3.000000 0.333333 0.625697 4.000000 0.333333 0.312848 5.000000 1.000000 0.938545 6.000000 0.333333 0.000000 7.000000 0.666667 1.251394 8.000000 1.000000 0.834262 9.000000 0.333333 0.625697 
15,make_bond/direct,-1.642126,sender,6 6 8 ,,,,,,,,,,,,,,,
15,summary,0.000000,,,,0.101962,0 4 5 8 ,,0.000000,-1.000000,0.384512,0.844556,0.883552,0.461531,0.615385,0 1 2 3 4 5 6 7 8 9 ,1 2 7 ,0.600000,0.000000 1.000000 1.251394 1.000000 0.666667 1.094970 2.000000 0.333333 0.938545 3.000000 0.333333 0.625697 4.000000 0.333333 0.312848 5.000000 1.000000 0.938545 6.000000 0.333333 0.000000 7.000000 0.666667 1.251394 8.000000 1.000000 0.834262 9.000000 0.333333 0.625697 
16,make_bond/direct,-0.094119,sender,6 6 9 ,,,,,,,,,,,,,,,
16,summary,0.000000,,,,0.007843,0 4 5 8 ,,0.000000,-1.000000,0.384512,0.844556,0.883552,0.461531,0.605634,0 1 2 3 4 5 6 7 8 9 ,1 2 7 ,0.600000,0.000000 1.000000 1.251394 1.000000 0.666667 1.094970 2.000000 0.333333 0.938545 3.000000 0.333333 0.625697 4.000000 0.333333 0.312848 5.000000 1.000000 0.938545 6.000000 0.333333 0.000000 7.000000 0.666667 1.251394 8.000000 1.000000 0.834262 9.000000 0.333333 0.625697 
17,make_bond/direct,-0.007500,sender,6 6 3 ,,,,,,,,,,,,,,,
17,summary,0.000000,,,,0.000344,0 4 5 8 ,,0.000000,-1.000000,0.384512,0.844556,0.883552,0.461531,0.630769,0 1 2 3 4 5 6 7 8 9 ,1 2 7 ,0.600000,0.000000 1.000000 1.251394 1.000000 0.666667 1.094970 2.000000 0.333333 0.938545 3.000000 0.333333 0.625697 4.000000 0.333333 0.312848 5.000000 1.000000 0.938545 6.000000 0.333333 0.000000 7.000000 0.666667 1.251394 8.000000 1.000000 0.834262 9.000000 0.333333 0.625697 
18,make_bond/direct,-0.000325,sender,6 6 8 ,,,,,,,,,,,,,,,
18,summary,0.000000,,,,0.000019,0 4 5 8 ,,0.000000,-1.000000,0.384512,0.844556,0.883552,0.461531,0.630769,0 1 2 3 4 5 6 7 8 9 ,1 2 7 ,0.600000,0.000000 1.000000 1.251394 1.000000 0.666667 1.094970 2.000000 0.333333 0.938545 3.000000 0.333333 0.625697 4.000000 0.333333 0.312848 5.000000 1.000000 0.938545 6.000000 0.333333 0.000000 7.000000 0.666667 1.251394 8.000000 1.000000 0.834262 9.000000 0.333333 0.625697 
19,make_bond/direct,-0.000018,sender,6 6 9 ,,,,,,,,,,,,,,,
19,summary,0.000000,,,,0.000001,0 4 5 8 ,,0.000000,-1.000000,0.384512,0.844556,0.883552,0.461531,0.630769,0 1 2 3 4 5 6 7 8 9 ,1 2 7 ,0.600000,0.000000 1.000000 1.251394 1.000000 0.666667 1.094970 2.000000 0.333333 0.938545 3.000000 0.333333 0.625697 4.000000 0.333333 0.312848 5.000000 1.000000 0.938545 6.000000 0.333333 0.000000 7.000000 0.666667 1.251394 8.000000 1.000000 0.834262 9.000000 0.333333 0.625697 
20,make_bond/direct,-0.000001,sender,6 6 3 ,,,,,,,,,,,,,,,
20,summary,0.000000,,,,0.000000,0 4 5 8 ,,0.000000,-1.000000,0.384512,0.844556,0.883552,0.461531,0.630769,0 1 2 3 4 5 6 7 8 9 ,1 2 7 ,0.600000,0.000000 1.000000 1.251394 1.000000 0.666667 1.094970 2.000000 0.333333 0.938545 3.000000 0.333333 0.625697 4.000000 0.333333 0.312848 5.000000 1.000000 0.938545 6.000000 0.333333 0.000000 7.000000 0.666667 1.251394 8.000000 1.000000 0.834262 9.000000 0.333333 0.625697 
21,make_bond/direct,-0.000000,sender,6 6 9 ,,,,,,,,,,,,,,,
21,summary,0.000000,,,,0.000000,0 4 5 8 ,,0.000000,-1.000000,0.384512,0.844556,0.883552,0.461531,0.630769,0 1 2 3 4 5 6 7 8 9 ,1 2 7 ,0.600000,0.000000 1.000000 1.251394 1.000000 0.666667 1.094970 2.000000 0.333333 0.938545 3.000000 0.333333 0.625697 4.000000 0.333333 0.312848 5.000000 1.000000 0.938545 6.000000 0.333333 0.000000 7.000000 0.666667 1.251394 8.000000 1.000000 0.834262 9.000000 0.333333 0.625697 
22,make_bond/direct,-0.000000,sender,6 6 3 ,,,,,,,,,,,,,,,
22,summary,0.000000,,,,0.000000,0 4 5 8 ,,0.000000,-1.000000,0.384512,0.844556,0.883552,0.461531,0.630769,0 1 2 3 4 5 6 7 8 9 ,1 2 7 ,0.600000,0.000000 1.000000 1.251394 1.000000 0.666667 1.094970 2.000000 0.333333 0.938545 3.000000 0.333333 0.625697 4.000000 0.333333 0.312848 5.000000 1.000000 0.938545 6.000000 0.333333 0.000000 7.000000 0.666667 1.251394 8.000000 1.000000 0.834262 9.000000 0.333333 0.625697 
23,make_bond/direct,-0.000000,sender,6 6 0 ,,,,,,,,,,,,,,,
23,summary,0.000000,,,,0.000000,0 4 5 8 ,,0.000000,-1.000000,0.384512,0.844556,0.883552,0.461531,0.630769,0 1 2 3 4 5 6 7 8 9 ,1 2 7 ,0.600000,0.000000 1.000000 1.251394 1.000000 0.666667 1.094970 2.000000 0.333333 0.938545 3.000000 0.333333 0.625697 4.000000 0.333333 0.312848 5.000000 1.000000 0.938545 6.000000 0.333333 0.000000 7.000000 0.666667 1.251394 8.000000 1.000000 0.834262 9.000000 0.333333 0.625697 
24,make_bond/direct,-0.000000,sender,6 6 9 ,,,,,,,,,,,,,,,
24,summary,0.000000,,,,0.000000,0 4 5 8 ,,0.000000,-1.000000,0.384512,0.844556,0.883552,0.461531,0.630769,0 1 2 3 4 5 6 7 8 9 ,1 2 7 ,0.600000,0.000000 1.000000 1.251394 1.000000 0.666667 1.094970 2.000000 0.333333 0.938545 3.000000 0.333333 0.625697 4.000000 0.333333 0.312848 5.000000 1.000000 0.938545 6.000000 0.333333 0.000000 7.000000 0.666667 1.251394 8.000000 1.000000 0.834262 9.000000 0.333333 0.625697 
25,break_bond/phantom,-0.000000,proposer,6 1 7 ,,,,,,,,,,,,,,,
25,summary,0.000000,,,,0.000000,0 4 5 8 ,,0.000000,-1.000000,0.384512,0.844556,0.883552,0.461531,0.630769,0 1 2 3 4 5 6 7 8 9 ,1 2 7 ,0.600000,0.000000 1.000000 1.251394 1.000000 0.666667 1.094970 2.000000 0.333333 0.938545 3.000000 0.333333 0.625697 4.000000 0.333333 0.312848 5.000000 1.000000 0.938545 6.000000 0.333333 0.000000 7.000000 0.666667 1.251394 8.000000 1.000000 0.834262 9.000000 0.333333 0.625697 
26,make_bond/direct,-0.000000,sender,6 6 3 ,,,,,,,,,,,,,,,
26,summary,0.000000,,,,0.000000,0 4 5 8 ,,0.000000,-1.000000,0.384512,0.844556,0.883552,0.461531,0.630769,0 1 2 3 4 5 6 7 8 9 ,1 2 7 ,0.600000,0.000000 1.000000 1.251394 1.000000 0.666667 1.094970 2.000000 0.333333 0.938545 3.000000 0.333333 0.625697 4.000000 0.333333 0.312848 5.000000 1.000000 0.938545 6.000000 0.333333 0.000000 7.000000 0.666667 1.251394 8.000000 1.000000 0.834262 9.000000 0.333333 0.625697 
27,make_bond/direct,-0.000000,sender,6 6 8 ,,,,,,,,,,,,,,,
27,summary,0.000000,,,,0.000000,0 4 5 8 ,,0.000000,-1.000000,0.384512,0.844556,0.883552,0.461531,0.630769,0 1 2 3 4 5 6 7 8 9 ,1 2 7 ,0.600000,0.000000 1.000000 1.251394 1.000000 0.666667 1.094970 2.000000 0.333333 0.938545 3.000000 0.333333 0.625697 4.000000 0.333333 0.312848 5.000000 1.000000 0.938545 6.000000 0.333333 0.000000 7.000000 0.666667 1.251394 8.000000 1.000000 0.834262 9.000000 0.333333 0.625697 
28,make_bond/direct,-0.000000,sender,6 6 9 ,,,,,,,,,,,,,,,
28,summary,0.000000,,,,0.000000,0 4 5 8 ,,0.000000,-1.000000,0.384512,0.844556,0.883552,0.461531,0.630769,0 1 2 3 4 5 6 7 8 9 ,1 2 7 ,0.600000,0.000000 1.000000 1.251394 1.000000 0.666667 1.094970 2.000000 0.333333 0.938545 3.000000 0.333333 0.625697 4.000000 0.333333 0.312848 5.000000 1.000000 0.938545 6.000000 0.333333 0.000000 7.000000 0.666667 1.251394 8.000000 1.000000 0.834262 9.000000 0.333333 0.625697 
29,make_bond/direct,-0.000000,sender,6 6 3 ,,,,,,,,,,,,,,,
29,summary,0.000000,,,,0.000000,0 4 5 8 ,,0.000000,-1.000000,0.384512,0.844556,0.883552,0.461531,0.630769,0 1 2 3 4 5 6 7 8 9 ,1 2 7 ,0.600000,0.000000 1.000000 1.251394 1.000000 0.666667 1.094970 2.000000 0.333333 0.938545 3.000000 0.333333 0.625697 4.000000 0.333333 0.312848 5.000000 1.000000 0.938545 6.000000 0.333333 0.000000 7.000000 0.666667 1.251394 8.000000 1.000000 0.834262 9.000000 0.333333 0.625697 
30,make_bond/direct,-0.000000,sender,6 6 8 ,,,,,,,,,,,,,,,
30,summary,0.000000,,,,0.000000,0 4 5 8 ,,0.000000,-1.000000,0.384512,0.844556,0.883552,0.461531,0.646154,0 1 2 3 4 5 6 7 8 9 ,1 2 7 ,0.600000,0.000000 1.000000 1.251394 1.000000 0.666667 1.094970 2.000000 0.333333 0.938545 3.000000 0.333333 0.625697 4.000000 0.333333 0.312848 5.000000 1.000000 0.938545 6.000000 0.333333 0.000000 7.000000 0.666667 1.251394 8.000000 1.000000 0.834262 9.000000 0.333333 0.625697 
31,make_bond/direct,-0.000000,sender,6 6 9 ,,,,,,,,,,,,,,,
31,summary,0.000000,,,,0.000000,0 4 5 8 ,,0.000000,-1.000000,0.384512,0.844556,0.883552,0.461531,0.646154,0 1 2 3 4 5 6 7 8 9 ,1 2 7 ,0.600000,0.000000 1.000000 1.251394 1.000000 0.666667 1.094970 2.000000 0.333333 0.938545 3.000000 0.333333 0.625697 4.000000 0.333333 0.312848 5.000000 1.000000 0.938545 6.000000 0.333333 0.000000 7.000000 0.666667 1.251394 8.000000 1.000000 0.834262 9.000000 0.333333 0.625697 
32,break_bond/phantom,-0.000000,proposer,6 1 7 ,,,,,,,,,,,,,,,
32,summary,0.000000,,,,0.000000,0 4 5 8 ,,0.000000,-1.000000,0.384512,0.844556,0.883552,0.461531,0.646154,0 1 2 3 4 5 6 7 8 9 ,1 2 7 ,0.600000,0.000000 1.000000 1.251394 1.000000 0.666667 1.094970 2.000000 0.333333 0.938545 3.000000 0.333333 0.625697 4.000000 0.333333 0.312848 5.000000 1.000000 0.938545 6.000000 0.333333 0.000000 7.000000 0.666667 1.251394 8.000000 1.000000 0.834262 9.000000 0.333333 0.625697 
33,make_bond/direct,-0.000000,sender,6 6 9 ,,,,,,,,,,,,,,,
33,summary,0.000000,,,,0.000000,0 4 5 8 ,,0.000000,-1.000000,0.384512,0.844556,0.883552,0.461531,0.646154,0 1 2 3 4 5 6 7 8 9 ,1 2 7 ,0.600000,0.000000 1.000000 1.251394 1.000000 0.666667 1.094970 2.000000 0.333333 0.938545 3.000000 0.333333 0.625697 4.000000 0.333333 0.312848 5.000000 1.000000 0.938545 6.000000 0.333333 0.000000 7.000000 0.666667 1.251394 8.000000 1.000000 0.834262 9.000000 0.333333 0.625697 
34,make_bond/direct,-0.000000,sender,6 6 3 ,,,,,,,,,,,,,,,
34,summary,0.000000,,,,0.000000,0 4 5 8 ,,0.000000,-1.000000,0.384512,0.844556,0.883552,0.461531,0.646154,0 1 2 3 4 5 6 7 8 9 ,1 2 7 ,0.600000,0.000000 1.000000 1.251394 1.000000 0.666667 1.094970 2.000000 0.333333 0.938545 3.000000 0.333333 0.625697 4.000000 0.333333 0.312848 5.000000 1.000000 0.938545 6.000000 0.333333 0.000000 7.000000 0.666667 1.251394 8.000000 1.000000 0.834262 9.000000 0.333333 0.625697 
35,break_bond/phantom,-0.000000,proposer,6 0 1 ,,,,,,,,,,,,,,,
35,summary,0.000000,,,,0.000000,0 4 5 8 ,,0.000000,-1.000000,0.384512,0.844556,0.883552,0.461531,0.646154,0 1 2 3 4 5 6 7 8 9 ,1 2 7 ,0.600000,0.000000 1.000000 1.251394 1.000000 0.666667 1.094970 2.000000 0.333333 0.938545 3.000000 0.333333 0.625697 4.000000 0.333333 0.312848 5.000000 1.000000 0.938545 6.000000 0.333333 0.000000 7.000000 0.666667 1.251394 8.000000 1.000000 0.834262 9.000000 0.333333 0.625697 
36,make_bond/direct,-0.000000,sender,6 6 8 ,,,,,,,,,,,,,,,
36,summary,0.000000,,,,0.000000,0 4 5 8 ,,0.000000,-1.000000,0.384512,0.844556,0.883552,0.461531,0.646154,0 1 2 3 4 5 6 7 8 9 ,1 2 7 ,0.600000,0.000000 1.000000 1.251394 1.000000 0.666667 1.094970 2.000000 0.333333 0.938545 3.000000 0.333333 0.625697 4.000000 0.333333 0.312848 5.000000 1.000000 0.938545 6.000000 0.333333 0.000000 7.000000 0.666667 1.251394 8.000000 1.000000 0.834262 9.000000 0.333333 0.625697 
37,make_bond/direct,-0.000000,sender,6 6 9 ,,,,,,,,,,,,,,,
37,summary,0.000000,,,,0.000000,0 4 5 8 ,,0.000000,-1.000000,0.384512,0.844556,0.883552,0.461531,0.646154,0 1 2 3 4 5 6 7 8 9 ,1 2 7 ,0.600000,0.000000 1.000000 1.251394 1.000000 0.666667 1.094970 2.000000 0.333333 0.938545 3.000000 0.333333 0.625697 4.000000 0.333333 0.312848 5.000000 1.000000 0.938545 6.000000 0.333333 0.000000 7.000000 0.666667 1.251394 8.000000 1.000000 0.834262 9.000000 0.333333 0.625697 
38,break_bond/phantom,-0.000000,proposer,6 1 7 ,,,,,,,,,,,,,,,
38,summary,0.000000,,,,0.000000,0 4 5 8 ,,0.000000,-1.000000,0.384512,0.844556,0.883552,0.461531,0.636364,0 1 2 3 4 5 6 7 8 9 ,1 2 7 ,0.600000,0.000000 1.000000 1.251394 1.000000 0.666667 1.094970 2.000000 0.333333 0.938545 3.000000 0.333333 0.625697 4.000000 0.333333 0.312848 5.000000 1.000000 0.938545 6.000000 0.333333 0.000000 7.000000 0.666667 1.251394 8.000000 1.000000 0.834262 9.000000 0.333333 0.625697 
39,make_bond/direct,-0.000000,sender,6 6 8 ,,,,,,,,,,,,,,,
39,summary,0.000000,,,,0.000000,0 4 5 8 ,,0.000000,-1.000000,0.384512,0.844556,0.883552,0.461531,0.636364,0 1 2 3 4 5 6 7 8 9 ,1 2 7 ,0.600000,0.000000 1.000000 1.251394 1.000000 0.666667 1.094970 2.000000 0.333333 0.938545 3.000000 0.333333 0.625697 4.000000 0.333333 0.312848 5.000000 1.000000 0.938545 6.000000 0.333333 0.000000 7.000000 0.666667 1.251394 8.000000 1.000000 0.834262 9.000000 0.333333 0.625697 
40,make_bond/direct,-0.000000,sender,6 6 9 ,,,,,,,,,,,,,,,
40,summary,0.000000,,,,0.000000,0 4 5 8 ,,0.000000,-1.000000,0.384512,0.844556,0.883552,0.461531,0.636364,0 1 2 3 4 5 6 7 8 9 ,1 2 7 ,0.600000,0.000000 1.000000 1.251394 1.000000 0.666667 1.094970 2.000000 0.333333 0.938545 3.000000 0.333333 0.625697 4.000000 0.333333 0.312848 5.000000 1.000000 0.938545 6.000000 0.333333 0.000000 7.000000 0.666667 1.251394 8.000000 1.000000 0.834262 9.000000 0.333333 0.625697 
41,break_bond/phantom,-0.000000,proposer,6 1 7 ,,,,,,,,,,,,,,,
41,summary,0.000000,,,,0.000000,0 4 5 8 ,,0.000000,-1.000000,0.384512,0.844556,0.883552,0.461531,0.636364,0 1 2 3 4 5 6 7 8 9 ,1 2 7 ,0.600000,0.000000 1.000000 1.251394 1.000000 0.666667 1.094970 2.000000 0.333333 0.938545 3.000000 0.333333 0.625697 4.000000 0.333333 0.312848 5.000000 1.000000 0.938545 6.000000 0.333333 0.000000 7.000000 0.666667 1.251394 8.000000 1.000000 0.834262 9.000000 0.333333 0.625697 
42,make_bond/direct,-0.000000,sender,6 6 8 ,,,,,,,,,,,,,,,
42,summary,0.000000,,,,0.000000,0 4 5 8 ,,0.000000,-1.000000,0.384512,0.844556,0.883552,0.461531,0.646154,0 1 2 3 4 5 6 7 8 9 ,1 2 7 ,0.600000,0.000000 1.000000 1.251394 1.000000 0.666667 1.094970 2.000000 0.333333 0.938545 3.000000 0.333333 0.625697 4.000000 0.333333 0.312848 5.000000 1.000000 0.938545 6.000000 0.333333 0.000000 7.000000 0.666667 1.251394 8.000000 1.000000 0.834262 9.000000 0.333333 0.625697 
43,make_bond/direct,-0.000000,sender,6 6 9 ,,,,,,,,,,,,,,,
43,summary,0.000000,,,,0.000000,0 4 5 8 ,,0.000000,-1.000000,0.384512,0.844556,0.883552,0.461531,0.646154,0 1 2 3 4 5 6 7 8 9 ,1 2 7 ,0.600000,0.000000 1.000000 1.251394 1.000000 0.666667 1.094970 2.000000 0.333333 0.938545 3.000000 0.333333 0.625697 4.000000 0.333333 0.312848 5.000000 1.000000 0.938545 6.000000 0.333333 0.000000 7.000000 0.666667 1.251394 8.000000 1.000000 0.834262 9.000000 0.333333 0.625697 
44,make_bond/direct,-0.000000,sender,6 6 3 ,,,,,,,,,,,,,,,
44,summary,0.000000,,,,0.000000,0 4 5 8 ,,0.000000,-1.000000,0.384512,0.844556,0.883552,0.461531,0.646154,0 1 2 3 4 5 6 7 8 9 ,1 2 7 ,0.600000,0.000000 1.000000 1.251394 1.000000 0.666667 1.094970 2.000000 0.333333 0.938545 3.000000 0.333333 0.625697 4.000000 0.333333 0.312848 5.000000 1.000000 0.938545 6.000000 0.333333 0.000000 7.000000 0.666667 1.251394 8.000000 1.000000 0.834262 9.000000 0.333333 0.625697 
45,make_bond/direct,-0.000000,sender,6 6 9 ,,,,,,,,,,,,,,,
45,summary,0.000000,,,,0.000000,0 4 5 8 ,,0.000000,-1.000000,0.384512,0.844556,0.883552,0.461531,0.646154,0 1 2 3 4 5 6 7 8 9 ,1 2 7 ,0.600000,0.000000 1.000000 1.251394 1.000000 0.666667 1.094970 2.000000 0.333333 0.938545 3.000000 0.333333 0.625697 4.000000 0.333333 0.312848 5.000000 1.000000 0.938545 6.000000 0.333333 0.000000 7.000000 0.666667 1.251394 8.000000 1.000000 0.834262 9.000000 0.333333 0.625697 
46,make_bond/direct,-0.000000,sender,6 6 3 ,,,,,,,,,,,,,,,
46,summary,0.000000,,,,0.000000,0 4 5 8 ,,0.000000,-1.000000,0.384512,0.844556,0.883552,0.461531,0.646154,0 1 2 3 4 5 6 7 8 9 ,1 2 7 ,0.600000,0.000000 1.000000 1.251394 1.000000 0.666667 1.094970 2.000000 0.333333 0.938545 3.000000 0.333333 0.625697 4.000000 0.333333 0.312848 5.000000 1.000000 0.938545 6.000000 0.333333 0.000000 7.000000 0.666667 1.251394 8.000000 1.000000 0.834262 9.000000 0.333333 0.625697 
47,break_bond/phantom,-0.000000,proposer,6 0 1 ,,,,,,,,,,,,,,,
47,summary,0.000000,,,,0.000000,0 4 5 8 ,,0.000000,-1.000000,0.384512,0.844556,0.883552,0.461531,0.646154,0 1 2 3 4 5 6 7 8 9 ,1 2 7 ,0.600000,0.000000 1.000000 1.251394 1.000000 0.666667 1.094970 2.000000 0.333333 0.938545 3.000000 0.333333 0.625697 4.000000 0.333333 0.312848 5.000000 1.000000 0.938545 6.000000 0.333333 0.000000 7.000000 0.666667 1.251394 8.000000 1.000000 0.834262 9.000000 0.333333 0.625697 
48,make_bond/direct,-0.000000,sender,6 6 9 ,,,,,,,,,,,,,,,
48,summary,0.000000,,,,0.000000,0 4 5 8 ,,0.000000,-1.000000,0.384512,0.844556,0.883552,0.461531,0.646154,0 1 2 3 4 5 6 7 8 9 ,1 2 7 ,0.600000,0.000000 1.000000 1.251394 1.000000 0.666667 1.094970 2.000000 0.333333 0.938545 3.000000 0.333333 0.625697 4.000000 0.333333 0.312848 5.000000 1.000000 0.938545 6.000000 0.333333 0.000000 7.000000 0.666667 1.251394 8.000000 1.000000 0.834262 9.000000 0.333333 0.625697 
49,make_bond/direct,-0.000000,sender,6 6 3 ,,,,,,,,,,,,,,,
49,summary,0.000000,,,,0.000000,0 4 5 8 ,,0.000000,-1.000000,0.384512,0.844556,0.883552,0.461531,0.646154,0 1 2 3 4 5 6 7 8 9 ,1 2 7 ,0.600000,0.000000 1.000000 1.251394 1.000000 0.666667 1.094970 2.000000 0.333333 0.938545 3.000000 0.333333 0.625697 4.000000 0.333333 0.312848 5.000000 1.000000 0.938545 6.000000 0.333333 0.000000 7.000000 0.666667 1.251394 8.000000 1.000000 0.834262 9.000000 0.333333 0.625697 
50,break_bond/phantom,-0.000000,proposer,6 0 1 ,,,,,,,,,,,,,,,
50,summary,0.000000,,,,0.000000,0 4 5 8 ,,0.000000,-1.000000,0.384512,0.844556,0.883552,0.461531,0.646154,0 1 2 3 4 5 6 7 8 9 ,1 2 7 ,0.600000,0.000000 1.000000 1.251394 1.000000 0.666667 1.094970 2.000000 0.333333 0.938545 3.000000 0.333333 0.625697 4.000000 0.333333 0.312848 5.000000 1.000000 0.938545 6.000000 0.333333 0.000000 7.000000 0.666667 1.251394 8.000000 1.000000 0.834262 9.000000 0.333333 0.625697 
51,make_bond/direct,-0.000000,sender,6 6 8 ,,,,,,,,,,,,,,,
51,summary,0.000000,,,,0.000000,0 4 5 8 ,,0.000000,-1.000000,0.384512,0.844556,0.883552,0.461531,0.646154,0 1 2 3 4 5 6 7 8 9 ,1 2 7 ,0.600000,0.000000 1.000000 1.251394 1.000000 0.666667 1.094970 2.000000 0.333333 0.938545 3.000000 0.333333 0.625697 4.000000 0.333333 0.312848 5.000000 1.000000 0.938545 6.000000 0.333333 0.000000 7.000000 0.666667 1.251394 8.000000 1.000000 0.834262 9.000000 0.333333 0.625697 
52,make_bond/direct,-0.000000,sender,6 6 9 ,,,,,,,,,,,,,,,
52,summary,0.000000,,,,0.000000,0 4 5 8 ,,0.000000,-1.000000,0.384512,0.844556,0.883552,0.461531,0.666667,0 1 2 3 4 5 6 7 8 9 ,1 2 7 ,0.600000,0.000000 1.000000 1.251394 1.000000 0.666667 1.094970 2.000000 0.333333 0.938545 3.000000 0.333333 0.625697 4.000000 0.333333 0.312848 5.000000 1.000000 0.938545 6.000000 0.333333 0.000000 7.000000 0.666667 1.251394 8.000000 1.000000 0.834262 9.000000 0.333333 0.625697 
