time,event_type,impact,role,nodes,responses,currency,neighbors,contracts,transmission,cfAcceptanceRate,competition,greed,negotiation,growth,nodeRank,knownNodes,competitors,numPathsRatio,pathsInfo
21931,summary,0.000000,,,,100.000000,0 2 7 ,,-1.000000,-1.000000,0.375793,0.053703,0.570274,0.970005,1.000000,0 2 7 ,,0.000000,0.000000 0.000000 0.000000 2.000000 0.000000 0.000000 7.000000 0.000000 0.000000 
1,summary,0.000000,,,,100.000000,0 2 7 ,,-1.000000,-1.000000,0.375793,0.053703,0.570274,0.970005,1.000000,0 2 7 ,,0.000000,0.000000 0.000000 0.000000 2.000000 0.000000 0.000000 7.000000 0.000000 0.000000 
2,summary,0.000000,,,,100.000000,0 2 7 ,,-1.000000,-1.000000,0.375793,0.053703,0.570274,0.970005,1.000000,0 2 7 ,,0.000000,0.000000 0.000000 0.000000 2.000000 0.000000 0.000000 7.000000 0.000000 0.000000 
3,summary,0.000000,,,,100.000000,0 2 7 ,,-1.000000,-1.000000,0.375793,0.053703,0.570274,0.970005,1.000000,0 2 7 ,,0.000000,0.000000 0.000000 0.000000 2.000000 0.000000 0.000000 7.000000 0.000000 0.000000 
4,summary,0.000000,,,,100.000000,0 2 7 ,,-1.000000,-1.000000,0.375793,0.053703,0.570274,0.970005,1.000000,0 2 7 ,,0.000000,0.000000 0.000000 0.000000 2.000000 0.000000 0.000000 7.000000 0.000000 0.000000 
5,summary,0.000000,,,,100.000000,0 2 7 ,,-1.000000,-1.000000,0.375793,0.053703,0.570274,0.970005,1.000000,0 2 7 ,,0.000000,0.000000 0.000000 0.000000 2.000000 0.000000 0.000000 7.000000 0.000000 0.000000 
6,summary,0.000000,,,,100.000000,0 2 7 ,,-1.000000,-1.000000,0.375793,0.053703,0.570274,0.970005,1.000000,0 2 7 ,,0.000000,0.000000 0.000000 0.000000 2.000000 0.000000 0.000000 7.000000 0.000000 0.000000 
7,summary,0.000000,,,,100.000000,0 2 7 ,,-1.000000,-1.000000,0.375793,0.053703,0.570274,0.970005,1.000000,0 2 7 ,,0.000000,0.000000 0.000000 0.000000 2.000000 0.000000 0.000000 7.000000 0.000000 0.000000 
8,summary,0.000000,,,,100.000000,0 2 7 ,,-1.000000,-1.000000,0.375793,0.053703,0.570274,0.970005,1.000000,0 2 7 ,,0.000000,0.000000 0.000000 0.000000 2.000000 0.000000 0.000000 7.000000 0.000000 0.000000 
9,summary,0.000000,,,,100.000000,0 2 7 ,,-1.000000,-1.000000,0.375793,0.053703,0.570274,0.970005,1.000000,0 2 7 ,,0.000000,0.000000 0.000000 0.000000 2.000000 0.000000 0.000000 7.000000 0.000000 0.000000 
10,summary,0.000000,,,,100.000000,0 2 7 ,,-1.000000,-1.000000,0.375793,0.053703,0.570274,0.970005,1.000000,0 2 7 ,,0.000000,0.000000 0.000000 0.000000 2.000000 0.000000 0.000000 7.000000 0.000000 0.000000 
11,summary,0.000000,,,,100.000000,0 2 7 ,,-1.000000,-1.000000,0.375793,0.053703,0.570274,0.970005,0.657143,0 2 7 ,,0.000000,0.000000 0.000000 0.000000 2.000000 0.000000 0.000000 7.000000 0.000000 0.000000 
12,discovery,-20.000000,,,,,,,,,,,,,,,,,
12,cf tax,1.005714,,0 ,,,,,,,,,,,,,,,
12,summary,0.000000,,,,82.011429,0 2 7 ,,-1.000000,-1.000000,0.375793,0.053703,0.570274,0.970005,0.651163,0 2 7 ,,0.533333,0.000000 0.333333 0.947901 1.000000 0.333333 0.000000 2.000000 1.000000 2.567679 3.000000 1.000000 2.901012 4.000000 0.666667 3.364543 5.000000 0.333333 1.937481 6.000000 0.333333 2.869753 7.000000 0.333333 0.947901 8.000000 0.666667 2.903617 9.000000 0.333333 3.848913 
13,cf tax,0.397580,,0 ,,,,,,,,,,,,,,,
13,cf tax,1.313507,,2 ,,,,,,,,,,,,,,,
13,cf tax,1.251300,,2 ,,,,,,,,,,,,,,,
13,cf tax,0.219836,,7 ,,,,,,,,,,,,,,,
13,break_bond/phantom,-9.202626,sender,5 1 2 ,1 0,,,,,,,,,,,,,,
13,make_contract,-57.772041,sender,1 1 7 ,7 1,,,,,,,,,,,,,,
13,summary,0.000000,,,,30.603828,0 2 7 ,7 ,1.000000,0.000000,0.375793,0.053703,0.570274,0.970005,0.651163,0 1 2 3 4 5 6 7 8 9 ,4 6 8 9 ,0.533333,0.000000 0.333333 0.947901 1.000000 0.333333 0.000000 2.000000 1.000000 2.567679 3.000000 1.000000 2.901012 4.000000 0.666667 3.364543 5.000000 0.333333 1.937481 6.000000 0.333333 2.869753 7.000000 0.333333 0.947901 8.000000 0.666667 2.903617 9.000000 0.333333 3.848913 
14,contract activity,61.207657,,,,,,,,,,,,,,,,,
14,break_bond/phantom,-10.675754,sender,3 1 2 ,1 0,,,,,,,,,,,,,,
14,summary,0.000000,,,,91.811485,0 2 7 ,7 ,1.000000,0.000000,0.375793,0.053703,0.570274,0.970005,0.692308,0 1 2 3 4 5 6 7 8 9 ,4 6 8 9 ,0.533333,0.000000 0.333333 0.947901 1.000000 0.333333 0.000000 2.000000 1.000000 2.567679 3.000000 1.000000 2.901012 4.000000 0.666667 3.364543 5.000000 0.333333 1.937481 6.000000 0.333333 2.869753 7.000000 0.333333 0.947901 8.000000 0.666667 2.903617 9.000000 0.333333 3.848913 
15,contract activity,183.622971,,,,,,,,,,,,,,,,,
15,cf tax,0.055257,,0 ,,,,,,,,,,,,,,,
15,break_bond/phantom,-174.759109,proposer,1 5 6 ,5 0,,,,,,,,,,,,,,
15,summary,0.000000,,,,100.785873,0 2 7 ,7 ,1.000000,-1.000000,0.375793,0.053703,0.570274,0.970005,0.692308,0 1 2 3 4 5 6 7 8 9 ,4 6 8 9 ,0.533333,0.000000 0.333333 0.947901 1.000000 0.333333 0.000000 2.000000 1.000000 2.567679 3.000000 1.000000 2.901012 4.000000 0.666667 3.364543 5.000000 0.333333 1.937481 6.000000 0.333333 2.869753 7.000000 0.333333 0.947901 8.000000 0.666667 2.903617 9.000000 0.333333 3.848913 
16,contract activity,201.571747,,,,,,,,,,,,,,,,,
16,cf tax,0.138171,,0 ,,,,,,,,,,,,,,,
16,break_bond/phantom,-199.815262,proposer,1 4 9 ,,,,,,,,,,,,,,,
16,break_bond/phantom,-31.039381,sender,3 1 2 ,1 0,,,,,,,,,,,,,,
16,summary,0.000000,,,,102.818710,0 2 7 ,7 ,0.500000,0.000000,0.375793,0.053703,0.570274,0.970005,0.732394,0 1 2 3 4 5 6 7 8 9 ,4 6 8 9 ,0.533333,0.000000 0.333333 0.947901 1.000000 0.333333 0.000000 2.000000 1.000000 2.567679 3.000000 1.000000 2.901012 4.000000 0.666667 3.364543 5.000000 0.333333 1.937481 6.000000 0.333333 2.869753 7.000000 0.333333 0.947901 8.000000 0.666667 2.903617 9.000000 0.333333 3.848913 
17,contract activity,205.637421,,,,,,,,,,,,,,,,,
17,summary,0.000000,,,,308.456116,0 2 7 ,7 ,1.000000,-1.000000,0.375793,0.053703,0.570274,0.970005,0.676923,0 1 2 3 4 5 6 7 8 9 ,4 6 8 9 ,0.533333,0.000000 0.333333 0.947901 1.000000 0.333333 0.000000 2.000000 1.000000 2.567679 3.000000 1.000000 2.901012 4.000000 0.666667 3.364543 5.000000 0.333333 1.937481 6.000000 0.333333 2.869753 7.000000 0.333333 0.947901 8.000000 0.666667 2.903617 9.000000 0.333333 3.848913 
18,contract activity,616.912231,,,,,,,,,,,,,,,,,
18,break_bond/phantom,-609.888916,proposer,1 3 4 ,3 0,,,,,,,,,,,,,,
18,summary,0.000000,,,,315.479431,0 2 7 ,7 ,1.000000,-1.000000,0.375793,0.053703,0.570274,0.970005,0.676923,0 1 2 3 4 5 6 7 8 9 ,4 6 8 9 ,0.533333,0.000000 0.333333 0.947901 1.000000 0.333333 0.000000 2.000000 1.000000 2.567679 3.000000 1.000000 2.901012 4.000000 0.666667 3.364543 5.000000 0.333333 1.937481 6.000000 0.333333 2.869753 7.000000 0.333333 0.947901 8.000000 0.666667 2.903617 9.000000 0.333333 3.848913 
19,contract activity,630.958862,,,,,,,,,,,,,,,,,
19,cf tax,0.589870,,2 ,,,,,,,,,,,,,,,
19,cf tax,11.448623,,7 ,,,,,,,,,,,,,,,
19,break_bond/phantom,-636.251160,proposer,1 4 9 ,,,,,,,,,,,,,,,
19,summary,0.000000,,,,334.264038,0 2 7 ,7 ,0.500000,-1.000000,0.375793,0.053703,0.570274,0.970005,0.676923,0 1 2 3 4 5 6 7 8 9 ,4 6 8 9 ,0.533333,0.000000 0.333333 0.947901 1.000000 0.333333 0.000000 2.000000 1.000000 2.567679 3.000000 1.000000 2.901012 4.000000 0.666667 3.364543 5.000000 0.333333 1.937481 6.000000 0.333333 2.869753 7.000000 0.333333 0.947901 8.000000 0.666667 2.903617 9.000000 0.333333 3.848913 
20,contract activity,668.528076,,,,,,,,,,,,,,,,,
20,break_bond/phantom,-107.992989,sender,3 1 2 ,1 0,,,,,,,,,,,,,,
20,break_bond/phantom,-660.917175,proposer,1 3 8 ,3 0,,,,,,,,,,,,,,
20,summary,0.000000,,,,341.874939,0 2 7 ,7 ,1.000000,0.000000,0.375793,0.053703,0.570274,0.970005,0.676923,0 1 2 3 4 5 6 7 8 9 ,4 6 8 9 ,0.533333,0.000000 0.333333 0.947901 1.000000 0.333333 0.000000 2.000000 1.000000 2.567679 3.000000 1.000000 2.901012 4.000000 0.666667 3.364543 5.000000 0.333333 1.937481 6.000000 0.333333 2.869753 7.000000 0.333333 0.947901 8.000000 0.666667 2.903617 9.000000 0.333333 3.848913 
21,contract activity,683.749878,,,,,,,,,,,,,,,,,
21,cf tax,45.454132,,7 ,,,,,,,,,,,,,,,
21,break_bond/phantom,-662.711426,proposer,1 5 6 ,,,,,,,,,,,,,,,
21,summary,0.000000,,,,453.821533,0 2 7 ,7 ,0.500000,-1.000000,0.375793,0.053703,0.570274,0.970005,0.676923,0 1 2 3 4 5 6 7 8 9 ,4 6 8 9 ,0.533333,0.000000 0.333333 0.947901 1.000000 0.333333 0.000000 2.000000 1.000000 2.567679 3.000000 1.000000 2.901012 4.000000 0.666667 3.364543 5.000000 0.333333 1.937481 6.000000 0.333333 2.869753 7.000000 0.333333 0.947901 8.000000 0.666667 2.903617 9.000000 0.333333 3.848913 
22,contract activity,907.643066,,,,,,,,,,,,,,,,,
22,break_bond/phantom,-915.256104,proposer,1 4 9 ,,,,,,,,,,,,,,,
22,break_bond/phantom,-164.946655,sender,3 1 2 ,1 0,,,,,,,,,,,,,,
22,summary,0.000000,,,,446.208496,0 2 7 ,7 ,0.500000,0.000000,0.375793,0.053703,0.570274,0.970005,0.676923,0 1 2 3 4 5 6 7 8 9 ,4 6 8 9 ,0.533333,0.000000 0.333333 0.947901 1.000000 0.333333 0.000000 2.000000 1.000000 2.567679 3.000000 1.000000 2.901012 4.000000 0.666667 3.364543 5.000000 0.333333 1.937481 6.000000 0.333333 2.869753 7.000000 0.333333 0.947901 8.000000 0.666667 2.903617 9.000000 0.333333 3.848913 
23,contract activity,892.416992,,,,,,,,,,,,,,,,,
23,break_bond/phantom,-882.257141,proposer,1 3 4 ,3 0,,,,,,,,,,,,,,
23,summary,0.000000,,,,456.368347,0 2 7 ,7 ,1.000000,-1.000000,0.375793,0.053703,0.570274,0.970005,0.676923,0 1 2 3 4 5 6 7 8 9 ,4 6 8 9 ,0.533333,0.000000 0.333333 0.947901 1.000000 0.333333 0.000000 2.000000 1.000000 2.567679 3.000000 1.000000 2.901012 4.000000 0.666667 3.364543 5.000000 0.333333 1.937481 6.000000 0.333333 2.869753 7.000000 0.333333 0.947901 8.000000 0.666667 2.903617 9.000000 0.333333 3.848913 
24,contract activity,912.736694,,,,,,,,,,,,,,,,,
24,cf tax,7.097142,,2 ,,,,,,,,,,,,,,,
24,make_contract,-1074.220825,sender,1 1 2 ,2 0,,,,,,,,,,,,,,
24,summary,0.000000,,,,309.078491,0 2 7 ,7 ,1.000000,-1.000000,0.375793,0.053703,0.570274,0.970005,0.676923,0 1 2 3 4 5 6 7 8 9 ,4 6 8 9 ,0.533333,0.000000 0.333333 0.947901 1.000000 0.333333 0.000000 2.000000 1.000000 2.567679 3.000000 1.000000 2.901012 4.000000 0.666667 3.364543 5.000000 0.333333 1.937481 6.000000 0.333333 2.869753 7.000000 0.333333 0.947901 8.000000 0.666667 2.903617 9.000000 0.333333 3.848913 
25,contract activity,618.156982,,,,,,,,,,,,,,,,,
25,break_bond/phantom,-623.341980,proposer,1 4 9 ,,,,,,,,,,,,,,,
25,break_bond/phantom,-112.338135,sender,3 1 2 ,1 0,,,,,,,,,,,,,,
25,summary,0.000000,,,,303.893494,0 2 7 ,7 ,0.500000,0.000000,0.375793,0.053703,0.570274,0.970005,0.676923,0 1 2 3 4 5 6 7 8 9 ,4 6 8 9 ,0.533333,0.000000 0.333333 0.947901 1.000000 0.333333 0.000000 2.000000 1.000000 2.567679 3.000000 1.000000 2.901012 4.000000 0.666667 3.364543 5.000000 0.333333 1.937481 6.000000 0.333333 2.869753 7.000000 0.333333 0.947901 8.000000 0.666667 2.903617 9.000000 0.333333 3.848913 
26,contract activity,607.786987,,,,,,,,,,,,,,,,,
26,cf tax,26.044191,,2 ,,,,,,,,,,,,,,,
26,break_bond/phantom,-589.085876,proposer,1 5 6 ,,,,,,,,,,,,,,,
26,summary,0.000000,,,,374.682983,0 2 7 ,7 ,0.500000,-1.000000,0.375793,0.053703,0.570274,0.970005,0.676923,0 1 2 3 4 5 6 7 8 9 ,4 6 8 9 ,0.533333,0.000000 0.333333 0.947901 1.000000 0.333333 0.000000 2.000000 1.000000 2.567679 3.000000 1.000000 2.901012 4.000000 0.666667 3.364543 5.000000 0.333333 1.937481 6.000000 0.333333 2.869753 7.000000 0.333333 0.947901 8.000000 0.666667 2.903617 9.000000 0.333333 3.848913 
27,contract activity,749.365967,,,,,,,,,,,,,,,,,
27,break_bond/phantom,-740.834778,proposer,1 3 4 ,3 0,,,,,,,,,,,,,,
27,summary,0.000000,,,,383.214172,0 2 7 ,7 ,1.000000,-1.000000,0.375793,0.053703,0.570274,0.970005,0.676923,0 1 2 3 4 5 6 7 8 9 ,4 6 8 9 ,0.533333,0.000000 0.333333 0.947901 1.000000 0.333333 0.000000 2.000000 1.000000 2.567679 3.000000 1.000000 2.901012 4.000000 0.666667 3.364543 5.000000 0.333333 1.937481 6.000000 0.333333 2.869753 7.000000 0.333333 0.947901 8.000000 0.666667 2.903617 9.000000 0.333333 3.848913 
28,contract activity,766.428345,,,,,,,,,,,,,,,,,
28,cf tax,9.467596,,2 ,,,,,,,,,,,,,,,
28,break_bond/phantom,-757.702942,proposer,1 3 4 ,3 0,,,,,,,,,,,,,,
28,summary,0.000000,,,,410.874939,0 2 7 ,7 ,1.000000,-1.000000,0.375793,0.053703,0.570274,0.970005,0.676923,0 1 2 3 4 5 6 7 8 9 ,4 6 8 9 ,0.533333,0.000000 0.333333 0.947901 1.000000 0.333333 0.000000 2.000000 1.000000 2.567679 3.000000 1.000000 2.901012 4.000000 0.666667 3.364543 5.000000 0.333333 1.937481 6.000000 0.333333 2.869753 7.000000 0.333333 0.947901 8.000000 0.666667 2.903617 9.000000 0.333333 3.848913 
29,contract activity,821.749878,,,,,,,,,,,,,,,,,
29,cf tax,162827.437500,,7 ,,,,,,,,,,,,,,,
29,make_contract,-967.136353,sender,1 1 2 ,2 0,,,,,,,,,,,,,,
29,summary,0.000000,,,,325920.375000,0 2 7 ,7 ,1.000000,-1.000000,0.375793,0.053703,0.570274,0.970005,0.676923,0 1 2 3 4 5 6 7 8 9 ,4 6 8 9 ,0.533333,0.000000 0.333333 0.947901 1.000000 0.333333 0.000000 2.000000 1.000000 2.567679 3.000000 1.000000 2.901012 4.000000 0.666667 3.364543 5.000000 0.333333 1.937481 6.000000 0.333333 2.869753 7.000000 0.333333 0.947901 8.000000 0.666667 2.903617 9.000000 0.333333 3.848913 
30,contract activity,651840.750000,,,,,,,,,,,,,,,,,
30,discovery,-18.362297,,,,,,,,,,,,,,,,,
30,cf tax,25.331142,,2 ,,,,,,,,,,,,,,,
30,make_contract,-767152.000000,sender,1 1 6 ,,,,,,,,,,,,,,,
30,summary,0.000000,,,,210641.375000,0 2 7 ,7 ,0.500000,-1.000000,0.375793,0.053703,0.570274,0.970005,0.707692,0 1 2 3 4 5 6 7 8 9 ,4 6 8 9 ,0.600000,0.000000 0.333333 0.947901 1.000000 0.333333 0.000000 2.000000 1.000000 1.552628 3.000000 1.000000 2.552628 4.000000 1.000000 3.464639 5.000000 0.333333 1.937481 6.000000 0.666667 2.785526 7.000000 0.333333 0.947901 8.000000 0.666667 2.903617 9.000000 0.333333 3.848913 
31,contract activity,421282.750000,,,,,,,,,,,,,,,,,
31,break_bond/phantom,-69268.601562,sender,3 1 2 ,1 0,,,,,,,,,,,,,,
31,break_bond/phantom,-422861.406250,proposer,1 3 4 ,3 0,,,,,,,,,,,,,,
31,summary,0.000000,,,,209062.718750,0 2 7 ,7 ,1.000000,0.000000,0.375793,0.053703,0.570274,0.970005,0.707692,0 1 2 3 4 5 6 7 8 9 ,4 6 8 9 ,0.600000,0.000000 0.333333 0.947901 1.000000 0.333333 0.000000 2.000000 1.000000 1.552628 3.000000 1.000000 2.552628 4.000000 1.000000 3.464639 5.000000 0.333333 1.937481 6.000000 0.666667 2.785526 7.000000 0.333333 0.947901 8.000000 0.666667 2.903617 9.000000 0.333333 3.848913 
32,contract activity,418125.437500,,,,,,,,,,,,,,,,,
32,make_contract,-490033.781250,sender,1 1 2 ,2 0,,,,,,,,,,,,,,
32,summary,0.000000,,,,137154.343750,0 2 7 ,7 ,1.000000,-1.000000,0.375793,0.053703,0.570274,0.970005,0.707692,0 1 2 3 4 5 6 7 8 9 ,4 6 8 9 ,0.600000,0.000000 0.333333 0.947901 1.000000 0.333333 0.000000 2.000000 1.000000 1.552628 3.000000 1.000000 2.552628 4.000000 1.000000 3.464639 5.000000 0.333333 1.937481 6.000000 0.666667 2.785526 7.000000 0.333333 0.947901 8.000000 0.666667 2.903617 9.000000 0.333333 3.848913 
33,contract activity,274308.687500,,,,,,,,,,,,,,,,,
33,make_contract,-327913.437500,sender,1 1 6 ,,,,,,,,,,,,,,,
33,summary,0.000000,,,,83549.593750,0 2 7 ,7 ,0.500000,-1.000000,0.375793,0.053703,0.570274,0.970005,0.707692,0 1 2 3 4 5 6 7 8 9 ,4 6 8 9 ,0.600000,0.000000 0.333333 0.947901 1.000000 0.333333 0.000000 2.000000 1.000000 1.552628 3.000000 1.000000 2.552628 4.000000 1.000000 3.464639 5.000000 0.333333 1.937481 6.000000 0.666667 2.785526 7.000000 0.333333 0.947901 8.000000 0.666667 2.903617 9.000000 0.333333 3.848913 
34,contract activity,167099.187500,,,,,,,,,,,,,,,,,
34,cf tax,12475644.000000,,2 ,,,,,,,,,,,,,,,
34,cf tax,3545835.000000,,2 ,,,,,,,,,,,,,,,
34,cf tax,494135872.000000,,7 ,,,,,,,,,,,,,,,
34,break_bond/phantom,-167725.359375,proposer,1 3 8 ,3 0,,,,,,,,,,,,,,
34,summary,0.000000,,,,1020397632.000000,0 2 7 ,7 ,1.000000,-1.000000,0.375793,0.053703,0.570274,0.970005,0.707692,0 1 2 3 4 5 6 7 8 9 ,4 6 8 9 ,0.600000,0.000000 0.333333 0.947901 1.000000 0.333333 0.000000 2.000000 1.000000 1.552628 3.000000 1.000000 2.552628 4.000000 1.000000 3.464639 5.000000 0.333333 1.937481 6.000000 0.666667 2.785526 7.000000 0.333333 0.947901 8.000000 0.666667 2.903617 9.000000 0.333333 3.848913 
35,contract activity,2040795264.000000,,,,,,,,,,,,,,,,,
35,break_bond/phantom,-335553824.000000,sender,3 1 2 ,1 0,,,,,,,,,,,,,,
35,make_contract,-2391767296.000000,sender,1 1 2 ,2 0,,,,,,,,,,,,,,
35,summary,0.000000,,,,669425664.000000,0 2 7 ,7 ,1.000000,0.000000,0.375793,0.053703,0.570274,0.970005,0.707692,0 1 2 3 4 5 6 7 8 9 ,4 6 8 9 ,0.600000,0.000000 0.333333 0.947901 1.000000 0.333333 0.000000 2.000000 1.000000 1.552628 3.000000 1.000000 2.552628 4.000000 1.000000 3.464639 5.000000 0.333333 1.937481 6.000000 0.666667 2.785526 7.000000 0.333333 0.947901 8.000000 0.666667 2.903617 9.000000 0.333333 3.848913 
36,contract activity,1338851328.000000,,,,,,,,,,,,,,,,,
36,cf tax,338783360.000000,,2 ,,,,,,,,,,,,,,,
36,cf tax,17313677312.000000,,7 ,,,,,,,,,,,,,,,
36,make_contract,-1600486400.000000,sender,1 1 6 ,,,,,,,,,,,,,,,
36,summary,0.000000,,,,35712712704.000000,0 2 7 ,7 ,0.500000,-1.000000,0.375793,0.053703,0.570274,0.970005,0.707692,0 1 2 3 4 5 6 7 8 9 ,4 6 8 9 ,0.600000,0.000000 0.333333 0.947901 1.000000 0.333333 0.000000 2.000000 1.000000 1.552628 3.000000 1.000000 2.552628 4.000000 1.000000 3.464639 5.000000 0.333333 1.937481 6.000000 0.666667 2.785526 7.000000 0.333333 0.947901 8.000000 0.666667 2.903617 9.000000 0.333333 3.848913 
37,contract activity,71425425408.000000,,,,,,,,,,,,,,,,,
37,break_bond/phantom,-73126944768.000000,proposer,1 4 9 ,,,,,,,,,,,,,,,
37,break_bond/phantom,-11743987712.000000,sender,3 1 2 ,1 0,,,,,,,,,,,,,,
37,summary,0.000000,,,,34011193344.000000,0 2 7 ,7 ,0.500000,0.000000,0.375793,0.053703,0.570274,0.970005,0.707692,0 1 2 3 4 5 6 7 8 9 ,4 6 8 9 ,0.600000,0.000000 0.333333 0.947901 1.000000 0.333333 0.000000 2.000000 1.000000 1.552628 3.000000 1.000000 2.552628 4.000000 1.000000 3.464639 5.000000 0.333333 1.937481 6.000000 0.666667 2.785526 7.000000 0.333333 0.947901 8.000000 0.666667 2.903617 9.000000 0.333333 3.848913 
38,contract activity,68022386688.000000,,,,,,,,,,,,,,,,,
38,cf tax,11996616704.000000,,2 ,,,,,,,,,,,,,,,
38,make_contract,-79720742912.000000,sender,1 1 2 ,2 0,,,,,,,,,,,,,,
38,summary,0.000000,,,,46306074624.000000,0 2 7 ,7 ,1.000000,-1.000000,0.375793,0.053703,0.570274,0.970005,0.696970,0 1 2 3 4 5 6 7 8 9 ,4 6 8 9 ,0.600000,0.000000 0.333333 0.947901 1.000000 0.333333 0.000000 2.000000 1.000000 1.552628 3.000000 1.000000 2.552628 4.000000 1.000000 3.464639 5.000000 0.333333 1.937481 6.000000 0.666667 2.785526 7.000000 0.333333 0.947901 8.000000 0.666667 2.903617 9.000000 0.333333 3.848913 
39,contract activity,92612149248.000000,,,,,,,,,,,,,,,,,
39,make_contract,-110872985600.000000,sender,1 1 6 ,,,,,,,,,,,,,,,
39,summary,0.000000,,,,28045246464.000000,0 2 7 ,7 ,0.500000,-1.000000,0.375793,0.053703,0.570274,0.970005,0.696970,0 1 2 3 4 5 6 7 8 9 ,4 6 8 9 ,0.600000,0.000000 0.333333 0.947901 1.000000 0.333333 0.000000 2.000000 1.000000 1.552628 3.000000 1.000000 2.552628 4.000000 1.000000 3.464639 5.000000 0.333333 1.937481 6.000000 0.666667 2.785526 7.000000 0.333333 0.947901 8.000000 0.666667 2.903617 9.000000 0.333333 3.848913 
40,contract activity,56090492928.000000,,,,,,,,,,,,,,,,,
40,cf tax,397854146560.000000,,2 ,,,,,,,,,,,,,,,
40,break_bond/phantom,-56004898816.000000,proposer,1 3 4 ,3 1,,,,,,,,,,,,,,
40,summary,0.000000,,,,823839096832.000000,0 2 7 ,7 ,1.000000,-1.000000,0.375793,0.053703,0.570274,0.970005,0.696970,0 1 2 3 4 5 6 7 8 9 ,4 6 8 9 ,0.600000,0.000000 0.333333 0.947901 1.000000 0.333333 0.000000 2.000000 1.000000 1.552628 3.000000 1.000000 2.552628 4.000000 1.000000 3.464639 5.000000 0.333333 1.937481 6.000000 0.666667 2.785526 7.000000 0.333333 0.947901 8.000000 0.666667 2.903617 9.000000 0.333333 3.848913 
41,contract activity,1647678193664.000000,,,,,,,,,,,,,,,,,
41,break_bond/phantom,-280854233088.000000,sender,3 1 2 ,1 0,,,,,,,,,,,,,,
41,make_contract,-1933881901056.000000,sender,1 1 2 ,2 0,,,,,,,,,,,,,,
41,summary,0.000000,,,,537635323904.000000,0 2 7 ,7 ,1.000000,0.000000,0.375793,0.053703,0.570274,0.970005,0.696970,0 1 2 3 4 5 6 7 8 9 ,4 6 8 9 ,0.600000,0.000000 0.333333 0.947901 1.000000 0.333333 0.000000 2.000000 1.000000 1.552628 3.000000 1.000000 2.552628 4.000000 1.000000 3.464639 5.000000 0.333333 1.937481 6.000000 0.666667 2.785526 7.000000 0.333333 0.947901 8.000000 0.666667 2.903617 9.000000 0.333333 3.848913 
42,contract activity,1075270647808.000000,,,,,,,,,,,,,,,,,
42,make_contract,-1287287472128.000000,sender,1 1 6 ,,,,,,,,,,,,,,,
42,summary,0.000000,,,,325618499584.000000,0 2 7 ,7 ,0.500000,-1.000000,0.375793,0.053703,0.570274,0.970005,0.692308,0 1 2 3 4 5 6 7 8 9 ,4 6 8 9 ,0.600000,0.000000 0.333333 0.947901 1.000000 0.333333 0.000000 2.000000 1.000000 1.552628 3.000000 1.000000 2.552628 4.000000 1.000000 3.464639 5.000000 0.333333 1.937481 6.000000 0.666667 2.785526 7.000000 0.333333 0.947901 8.000000 0.666667 2.903617 9.000000 0.333333 3.848913 
43,contract activity,651236999168.000000,,,,,,,,,,,,,,,,,
43,cf tax,4221449267052544.000000,,7 ,,,,,,,,,,,,,,,
43,break_bond/phantom,-648750170112.000000,proposer,1 3 8 ,3 1,,,,,,,,,,,,,,
43,summary,0.000000,,,,8443227099103232.000000,0 2 7 ,7 ,1.000000,-1.000000,0.375793,0.053703,0.570274,0.970005,0.692308,0 1 2 3 4 5 6 7 8 9 ,4 6 8 9 ,0.600000,0.000000 0.333333 0.947901 1.000000 0.333333 0.000000 2.000000 1.000000 1.552628 3.000000 1.000000 2.552628 4.000000 1.000000 3.464639 5.000000 0.333333 1.937481 6.000000 0.666667 2.785526 7.000000 0.333333 0.947901 8.000000 0.666667 2.903617 9.000000 0.333333 3.848913 
44,contract activity,16886454198206464.000000,,,,,,,,,,,,,,,,,
44,cf tax,35899398244270080.000000,,7 ,,,,,,,,,,,,,,,
44,break_bond/phantom,-16492127882051584.000000,proposer,1 5 6 ,,,,,,,,,,,,,,,
44,break_bond/phantom,-2597915927248896.000000,sender,3 1 2 ,1 0,,,,,,,,,,,,,,
44,summary,0.000000,,,,80636353125023744.000000,0 2 7 ,7 ,0.500000,0.000000,0.375793,0.053703,0.570274,0.970005,0.692308,0 1 2 3 4 5 6 7 8 9 ,4 6 8 9 ,0.600000,0.000000 0.333333 0.947901 1.000000 0.333333 0.000000 2.000000 1.000000 1.552628 3.000000 1.000000 2.552628 4.000000 1.000000 3.464639 5.000000 0.333333 1.937481 6.000000 0.666667 2.785526 7.000000 0.333333 0.947901 8.000000 0.666667 2.903617 9.000000 0.333333 3.848913 
45,contract activity,161272706250047488.000000,,,,,,,,,,,,,,,,,
45,break_bond/phantom,-160656859479408640.000000,proposer,1 3 4 ,3 1,,,,,,,,,,,,,,
45,summary,0.000000,,,,81252191305728000.000000,0 2 7 ,7 ,1.000000,-1.000000,0.375793,0.053703,0.570274,0.970005,0.692308,0 1 2 3 4 5 6 7 8 9 ,4 6 8 9 ,0.600000,0.000000 0.333333 0.947901 1.000000 0.333333 0.000000 2.000000 1.000000 1.552628 3.000000 1.000000 2.552628 4.000000 1.000000 3.464639 5.000000 0.333333 1.937481 6.000000 0.666667 2.785526 7.000000 0.333333 0.947901 8.000000 0.666667 2.903617 9.000000 0.333333 3.848913 
46,contract activity,162504382611456000.000000,,,,,,,,,,,,,,,,,
46,break_bond/phantom,-165121512343339008.000000,proposer,1 4 9 ,,,,,,,,,,,,,,,
46,break_bond/phantom,-28125756546613248.000000,sender,3 1 2 ,1 0,,,,,,,,,,,,,,
46,summary,0.000000,,,,78635061573844992.000000,0 2 7 ,7 ,0.500000,0.000000,0.375793,0.053703,0.570274,0.970005,0.692308,0 1 2 3 4 5 6 7 8 9 ,4 6 8 9 ,0.600000,0.000000 0.333333 0.947901 1.000000 0.333333 0.000000 2.000000 1.000000 1.552628 3.000000 1.000000 2.552628 4.000000 1.000000 3.464639 5.000000 0.333333 1.937481 6.000000 0.666667 2.785526 7.000000 0.333333 0.947901 8.000000 0.666667 2.903617 9.000000 0.333333 3.848913 
47,contract activity,157270123147689984.000000,,,,,,,,,,,,,,,,,
47,break_bond/phantom,-156669566460624896.000000,proposer,1 3 8 ,3 1,,,,,,,,,,,,,,
47,summary,0.000000,,,,79235618260910080.000000,0 2 7 ,7 ,1.000000,-1.000000,0.375793,0.053703,0.570274,0.970005,0.692308,0 1 2 3 4 5 6 7 8 9 ,4 6 8 9 ,0.600000,0.000000 0.333333 0.947901 1.000000 0.333333 0.000000 2.000000 1.000000 1.552628 3.000000 1.000000 2.552628 4.000000 1.000000 3.464639 5.000000 0.333333 1.937481 6.000000 0.666667 2.785526 7.000000 0.333333 0.947901 8.000000 0.666667 2.903617 9.000000 0.333333 3.848913 
48,contract activity,158471236521820160.000000,,,,,,,,,,,,,,,,,
48,cf tax,467532307138347008.000000,,2 ,,,,,,,,,,,,,,,
48,break_bond/phantom,-157866092809682944.000000,proposer,1 3 4 ,3 1,,,,,,,,,,,,,,
48,summary,0.000000,,,,1014905307530264576.000000,0 2 7 ,7 ,1.000000,-1.000000,0.375793,0.053703,0.570274,0.970005,0.692308,0 1 2 3 4 5 6 7 8 9 ,4 6 8 9 ,0.600000,0.000000 0.333333 0.947901 1.000000 0.333333 0.000000 2.000000 1.000000 1.552628 3.000000 1.000000 2.552628 4.000000 1.000000 3.464639 5.000000 0.333333 1.937481 6.000000 0.666667 2.785526 7.000000 0.333333 0.947901 8.000000 0.666667 2.903617 9.000000 0.333333 3.848913 
49,contract activity,2029810615060529152.000000,,,,,,,,,,,,,,,,,
49,cf tax,2867552988396781568.000000,,2 ,,,,,,,,,,,,,,,
49,cf tax,139744171958609117184.000000,,7 ,,,,,,,,,,,,,,,
49,break_bond/phantom,-900494388151451648.000000,sender,3 1 2 ,1 0,,,,,,,,,,,,,,
49,break_bond/phantom,-2022059470401568768.000000,proposer,1 3 8 ,3 1,,,,,,,,,,,,,,
49,summary,0.000000,,,,286246100711203930112.000000,0 2 7 ,7 ,1.000000,0.000000,0.375793,0.053703,0.570274,0.970005,0.692308,0 1 2 3 4 5 6 7 8 9 ,4 6 8 9 ,0.600000,0.000000 0.333333 0.947901 1.000000 0.333333 0.000000 2.000000 1.000000 1.552628 3.000000 1.000000 2.552628 4.000000 1.000000 3.464639 5.000000 0.333333 1.937481 6.000000 0.666667 2.785526 7.000000 0.333333 0.947901 8.000000 0.666667 2.903617 9.000000 0.333333 3.848913 
50,contract activity,572492201422407860224.000000,,,,,,,,,,,,,,,,,
50,break_bond/phantom,-559123547403535253504.000000,proposer,1 5 6 ,,,,,,,,,,,,,,,
50,summary,0.000000,,,,299614737137890492416.000000,0 2 7 ,7 ,0.500000,-1.000000,0.375793,0.053703,0.570274,0.970005,0.692308,0 1 2 3 4 5 6 7 8 9 ,4 6 8 9 ,0.600000,0.000000 0.333333 0.947901 1.000000 0.333333 0.000000 2.000000 1.000000 1.552628 3.000000 1.000000 2.552628 4.000000 1.000000 3.464639 5.000000 0.333333 1.937481 6.000000 0.666667 2.785526 7.000000 0.333333 0.947901 8.000000 0.666667 2.903617 9.000000 0.333333 3.848913 
51,contract activity,599229474275780984832.000000,,,,,,,,,,,,,,,,,
51,cf tax,4896396268520356184064.000000,,7 ,,,,,,,,,,,,,,,
51,make_contract,-703765339976444674048.000000,sender,1 1 2 ,2 0,,,,,,,,,,,,,,
51,summary,0.000000,,,,9987871584399799615488.000000,0 2 7 ,7 ,1.000000,-1.000000,0.375793,0.053703,0.570274,0.970005,0.692308,0 1 2 3 4 5 6 7 8 9 ,4 6 8 9 ,0.600000,0.000000 0.333333 0.947901 1.000000 0.333333 0.000000 2.000000 1.000000 1.552628 3.000000 1.000000 2.552628 4.000000 1.000000 3.464639 5.000000 0.333333 1.937481 6.000000 0.666667 2.785526 7.000000 0.333333 0.947901 8.000000 0.666667 2.903617 9.000000 0.333333 3.848913 
52,contract activity,19975743168799599230976.000000,,,,,,,,,,,,,,,,,
52,break_bond/phantom,-20167817189307323514880.000000,proposer,1 4 9 ,,,,,,,,,,,,,,,
52,summary,0.000000,,,,9795797563892075331584.000000,0 2 7 ,7 ,0.500000,-1.000000,0.375793,0.053703,0.570274,0.970005,0.666667,0 1 2 3 4 5 6 7 8 9 ,4 6 8 9 ,0.600000,0.000000 0.333333 0.947901 1.000000 0.333333 0.000000 2.000000 1.000000 1.552628 3.000000 1.000000 2.552628 4.000000 1.000000 3.464639 5.000000 0.333333 1.937481 6.000000 0.666667 2.785526 7.000000 0.333333 0.947901 8.000000 0.666667 2.903617 9.000000 0.333333 3.848913 
53,contract activity,19591595127784150663168.000000,,,,,,,,,,,,,,,,,
53,cf tax,25578462047828560576512.000000,,7 ,,,,,,,,,,,,,,,
53,break_bond/phantom,-25469071864679544913920.000000,proposer,1 3 8 ,,,,,,,,,,,,,,,
53,summary,0.000000,,,,55075249426253429604352.000000,0 2 7 ,7 ,0.500000,-1.000000,0.375793,0.053703,0.570274,0.970005,0.700000,0 1 2 3 4 5 6 7 8 9 ,4 6 8 9 ,0.600000,0.000000 0.333333 0.947901 1.000000 0.333333 0.000000 2.000000 1.000000 1.552628 3.000000 1.000000 2.552628 4.000000 1.000000 3.464639 5.000000 0.333333 1.937481 6.000000 0.666667 2.785526 7.000000 0.333333 0.947901 8.000000 0.666667 2.903617 9.000000 0.333333 3.848913 
54,contract activity,110150498852506859208704.000000,,,,,,,,,,,,,,,,,
54,break_bond/phantom,-152833832695271981580288.000000,proposer,1 5 6 ,,,,,,,,,,,,,,,
54,summary,0.000000,,,,12391924590687561973760.000000,0 2 7 ,7 ,0.500000,-1.000000,0.375793,0.053703,0.570274,0.970005,1.000000,0 1 2 3 4 5 6 7 8 9 ,4 6 8 9 ,0.600000,0.000000 0.333333 0.947901 1.000000 0.333333 0.000000 2.000000 1.000000 1.552628 3.000000 1.000000 2.552628 4.000000 1.000000 3.464639 5.000000 0.333333 1.937481 6.000000 0.666667 2.785526 7.000000 0.333333 0.947901 8.000000 0.666667 2.903617 9.000000 0.333333 3.848913 
55,contract activity,24783849181375123947520.000000,,,,,,,,,,,,,,,,,
55,cf tax,49103998737916926885888.000000,,7 ,,,,,,,,,,,,,,,
55,make_contract,-37175773772062685921280.000000,sender,1 1 2 ,,,,,,,,,,,,,,,
55,summary,0.000000,,,,98207997475833853771776.000000,0 2 7 ,7 ,0.500000,-1.000000,0.375793,0.053703,0.570274,0.970005,1.000000,0 1 2 3 4 5 6 7 8 9 ,4 6 8 9 ,0.600000,0.000000 0.333333 0.947901 1.000000 0.333333 0.000000 2.000000 1.000000 1.552628 3.000000 1.000000 2.552628 4.000000 1.000000 3.464639 5.000000 0.333333 1.937481 6.000000 0.666667 2.785526 7.000000 0.333333 0.947901 8.000000 0.666667 2.903617 9.000000 0.333333 3.848913 
56,contract activity,196415994951667707543552.000000,,,,,,,,,,,,,,,,,
56,make_contract,-294623992427501561315328.000000,sender,1 1 6 ,,,,,,,,,,,,,,,
56,summary,0.000000,,,,0.000000,0 2 7 ,7 ,0.500000,-1.000000,0.375793,0.053703,0.570274,0.970005,1.000000,0 1 2 3 4 5 6 7 8 9 ,4 6 8 9 ,0.600000,0.000000 0.333333 0.947901 1.000000 0.333333 0.000000 2.000000 1.000000 1.552628 3.000000 1.000000 2.552628 4.000000 1.000000 3.464639 5.000000 0.333333 1.937481 6.000000 0.666667 2.785526 7.000000 0.333333 0.947901 8.000000 0.666667 2.903617 9.000000 0.333333 3.848913 
