time,event_type,impact,role,nodes,responses,currency,neighbors,contracts,transmission,cfAcceptanceRate,competition,greed,negotiation,growth,nodeRank,knownNodes,competitors,numPathsRatio,pathsInfo
21931,summary,0.000000,,,,100.000000,1 3 7 ,,-1.000000,-1.000000,0.515422,0.429529,0.408115,0.150135,1.000000,1 3 7 ,,0.000000,1.000000 0.000000 0.000000 3.000000 0.000000 0.000000 7.000000 0.000000 0.000000 
1,summary,0.000000,,,,100.000000,1 3 7 ,,-1.000000,-1.000000,0.515422,0.429529,0.408115,0.150135,1.000000,1 3 7 ,,0.000000,1.000000 0.000000 0.000000 3.000000 0.000000 0.000000 7.000000 0.000000 0.000000 
2,summary,0.000000,,,,100.000000,1 3 7 ,,-1.000000,-1.000000,0.515422,0.429529,0.408115,0.150135,1.000000,1 3 7 ,,0.000000,1.000000 0.000000 0.000000 3.000000 0.000000 0.000000 7.000000 0.000000 0.000000 
3,summary,0.000000,,,,100.000000,1 3 7 ,,-1.000000,-1.000000,0.515422,0.429529,0.408115,0.150135,1.000000,1 3 7 ,,0.000000,1.000000 0.000000 0.000000 3.000000 0.000000 0.000000 7.000000 0.000000 0.000000 
4,summary,0.000000,,,,100.000000,1 3 7 ,,-1.000000,-1.000000,0.515422,0.429529,0.408115,0.150135,1.000000,1 3 7 ,,0.000000,1.000000 0.000000 0.000000 3.000000 0.000000 0.000000 7.000000 0.000000 0.000000 
5,summary,0.000000,,,,100.000000,1 3 7 ,,-1.000000,-1.000000,0.515422,0.429529,0.408115,0.150135,1.000000,1 3 7 ,,0.000000,1.000000 0.000000 0.000000 3.000000 0.000000 0.000000 7.000000 0.000000 0.000000 
6,summary,0.000000,,,,100.000000,1 3 7 ,,-1.000000,-1.000000,0.515422,0.429529,0.408115,0.150135,1.000000,1 3 7 ,,0.000000,1.000000 0.000000 0.000000 3.000000 0.000000 0.000000 7.000000 0.000000 0.000000 
7,summary,0.000000,,,,100.000000,1 3 7 ,,-1.000000,-1.000000,0.515422,0.429529,0.408115,0.150135,1.000000,1 3 7 ,,0.000000,1.000000 0.000000 0.000000 3.000000 0.000000 0.000000 7.000000 0.000000 0.000000 
8,summary,0.000000,,,,100.000000,1 3 7 ,,-1.000000,-1.000000,0.515422,0.429529,0.408115,0.150135,1.000000,1 3 7 ,,0.000000,1.000000 0.000000 0.000000 3.000000 0.000000 0.000000 7.000000 0.000000 0.000000 
9,summary,0.000000,,,,100.000000,1 3 7 ,,-1.000000,-1.000000,0.515422,0.429529,0.408115,0.150135,1.000000,1 3 7 ,,0.000000,1.000000 0.000000 0.000000 3.000000 0.000000 0.000000 7.000000 0.000000 0.000000 
10,summary,0.000000,,,,100.000000,1 3 7 ,,-1.000000,-1.000000,0.515422,0.429529,0.408115,0.150135,1.000000,1 3 7 ,,0.000000,1.000000 0.000000 0.000000 3.000000 0.000000 0.000000 7.000000 0.000000 0.000000 
11,summary,0.000000,,,,100.000000,1 3 7 ,,-1.000000,-1.000000,0.515422,0.429529,0.408115,0.150135,0.800000,1 3 7 ,,0.000000,1.000000 0.000000 0.000000 3.000000 0.000000 0.000000 7.000000 0.000000 0.000000 
12,discovery,-20.000000,,,,,,,,,,,,,,,,,
12,cf tax,0.874667,,7 ,,,,,,,,,,,,,,,
12,make_bond/direct,-4.800000,receiver,0 0 2 ,2 1,,,,,,,,,,,,,,
12,summary,0.000000,,,,76.949326,0 1 3 7 ,,-1.000000,1.000000,0.515422,0.429529,0.408115,0.150135,0.755814,1 3 7 ,,0.500000,0.000000 0.333333 1.526509 1.000000 0.333333 0.715905 2.000000 0.333333 0.000000 3.000000 1.000000 3.438124 4.000000 1.000000 3.205802 5.000000 0.333333 2.488629 6.000000 0.666667 3.007569 7.000000 0.333333 0.810603 8.000000 0.333333 1.905302 9.000000 0.333333 2.734845 
13,cf tax,1.226765,,3 ,,,,,,,,,,,,,,,
13,break_bond/phantom,-66.988861,proposer,2 0 5 ,0 0,,,,,,,,,,,,,,
13,summary,0.000000,,,,12.414001,0 1 3 7 ,,1.000000,-1.000000,0.515422,0.429529,0.408115,0.150135,0.755814,0 1 2 3 4 5 6 7 8 9 ,0 4 5 6 8 9 ,0.500000,0.000000 0.333333 1.526509 1.000000 0.333333 0.715905 2.000000 0.333333 0.000000 3.000000 1.000000 3.438124 4.000000 1.000000 3.205802 5.000000 0.333333 2.488629 6.000000 0.666667 3.007569 7.000000 0.333333 0.810603 8.000000 0.333333 1.905302 9.000000 0.333333 2.734845 
14,cf tax,0.275958,,3 ,,,,,,,,,,,,,,,
14,cf tax,0.365429,,7 ,,,,,,,,,,,,,,,
14,break_bond/phantom,-10.944530,proposer,2 4 6 ,4 0,,,,,,,,,,,,,,
14,summary,0.000000,,,,2.752246,0 1 3 7 ,,1.000000,-1.000000,0.515422,0.429529,0.408115,0.150135,0.782051,0 1 2 3 4 5 6 7 8 9 ,0 4 5 6 8 9 ,0.500000,0.000000 0.333333 1.526509 1.000000 0.333333 0.715905 2.000000 0.333333 0.000000 3.000000 1.000000 3.438124 4.000000 1.000000 3.205802 5.000000 0.333333 2.488629 6.000000 0.666667 3.007569 7.000000 0.333333 0.810603 8.000000 0.333333 1.905302 9.000000 0.333333 2.734845 
15,cf tax,0.759341,,7 ,,,,,,,,,,,,,,,
15,break_bond/phantom,-0.266599,sender,3 2 7 ,2 0,,,,,,,,,,,,,,
15,break_bond/phantom,-2.467377,proposer,2 4 9 ,4 0,,,,,,,,,,,,,,
15,make_bond/direct,-0.266599,receiver,0 0 2 ,2 0,,,,,,,,,,,,,,
15,make_bond/direct,-0.266599,receiver,4 4 2 ,2 0,,,,,,,,,,,,,,
15,summary,0.000000,,,,1.803550,0 1 3 7 ,,1.000000,0.000000,0.515422,0.429529,0.408115,0.150135,0.782051,0 1 2 3 4 5 6 7 8 9 ,0 4 5 6 8 9 ,0.500000,0.000000 0.333333 1.526509 1.000000 0.333333 0.715905 2.000000 0.333333 0.000000 3.000000 1.000000 3.438124 4.000000 1.000000 3.205802 5.000000 0.333333 2.488629 6.000000 0.666667 3.007569 7.000000 0.333333 0.810603 8.000000 0.333333 1.905302 9.000000 0.333333 2.734845 
16,cf tax,3.841124,,1 ,,,,,,,,,,,,,,,
16,cf tax,0.162459,,3 ,,,,,,,,,,,,,,,
16,cf tax,1.503196,,7 ,,,,,,,,,,,,,,,
16,break_bond/phantom,-8.503977,proposer,2 4 6 ,,,,,,,,,,,,,,,
16,summary,0.000000,,,,4.313131,0 1 3 7 ,,0.000000,-1.000000,0.515422,0.429529,0.408115,0.150135,0.802817,0 1 2 3 4 5 6 7 8 9 ,0 4 5 6 8 9 ,0.500000,0.000000 0.333333 1.526509 1.000000 0.333333 0.715905 2.000000 0.333333 0.000000 3.000000 1.000000 3.438124 4.000000 1.000000 3.205802 5.000000 0.333333 2.488629 6.000000 0.666667 3.007569 7.000000 0.333333 0.810603 8.000000 0.333333 1.905302 9.000000 0.333333 2.734845 
17,cf tax,3.162287,,7 ,,,,,,,,,,,,,,,
17,break_bond/phantom,-4.027614,proposer,2 4 9 ,,,,,,,,,,,,,,,
17,summary,0.000000,,,,6.610092,0 1 3 7 ,,0.000000,-1.000000,0.515422,0.429529,0.408115,0.150135,0.769231,0 1 2 3 4 5 6 7 8 9 ,0 4 5 6 8 9 ,0.500000,0.000000 0.333333 1.526509 1.000000 0.333333 0.715905 2.000000 0.333333 0.000000 3.000000 1.000000 3.438124 4.000000 1.000000 3.205802 5.000000 0.333333 2.488629 6.000000 0.666667 3.007569 7.000000 0.333333 0.810603 8.000000 0.333333 1.905302 9.000000 0.333333 2.734845 
18,cf tax,11.958606,,1 ,,,,,,,,,,,,,,,
18,cf tax,5.804397,,7 ,,,,,,,,,,,,,,,
18,break_bond/phantom,-27.004921,proposer,2 3 4 ,3 0,,,,,,,,,,,,,,
18,summary,0.000000,,,,15.131176,0 1 3 7 ,,1.000000,-1.000000,0.515422,0.429529,0.408115,0.150135,0.769231,0 1 2 3 4 5 6 7 8 9 ,0 4 5 6 8 9 ,0.500000,0.000000 0.333333 1.526509 1.000000 0.333333 0.715905 2.000000 0.333333 0.000000 3.000000 1.000000 3.438124 4.000000 1.000000 3.205802 5.000000 0.333333 2.488629 6.000000 0.666667 3.007569 7.000000 0.333333 0.810603 8.000000 0.333333 1.905302 9.000000 0.333333 2.734845 
19,cf tax,12.230895,,1 ,,,,,,,,,,,,,,,
19,cf tax,0.578304,,3 ,,,,,,,,,,,,,,,
19,break_bond/phantom,-35.725037,proposer,2 4 9 ,,,,,,,,,,,,,,,
19,summary,0.000000,,,,5.024540,0 1 3 7 ,,0.000000,-1.000000,0.515422,0.429529,0.408115,0.150135,0.769231,0 1 2 3 4 5 6 7 8 9 ,0 4 5 6 8 9 ,0.500000,0.000000 0.333333 1.526509 1.000000 0.333333 0.715905 2.000000 0.333333 0.000000 3.000000 1.000000 3.438124 4.000000 1.000000 3.205802 5.000000 0.333333 2.488629 6.000000 0.666667 3.007569 7.000000 0.333333 0.810603 8.000000 0.333333 1.905302 9.000000 0.333333 2.734845 
20,cf tax,12.959160,,1 ,,,,,,,,,,,,,,,
20,cf tax,0.127053,,3 ,,,,,,,,,,,,,,,
20,cf tax,22.811996,,7 ,,,,,,,,,,,,,,,
20,break_bond/phantom,-27.372530,proposer,2 3 4 ,3 0,,,,,,,,,,,,,,
20,summary,0.000000,,,,49.448433,0 1 3 7 ,,1.000000,-1.000000,0.515422,0.429529,0.408115,0.150135,0.769231,0 1 2 3 4 5 6 7 8 9 ,0 4 5 6 8 9 ,0.500000,0.000000 0.333333 1.526509 1.000000 0.333333 0.715905 2.000000 0.333333 0.000000 3.000000 1.000000 3.438124 4.000000 1.000000 3.205802 5.000000 0.333333 2.488629 6.000000 0.666667 3.007569 7.000000 0.333333 0.810603 8.000000 0.333333 1.905302 9.000000 0.333333 2.734845 
21,break_bond/phantom,-5.071634,sender,3 2 7 ,2 0,,,,,,,,,,,,,,
21,break_bond/phantom,-43.742847,proposer,2 3 8 ,3 0,,,,,,,,,,,,,,
21,summary,0.000000,,,,5.705585,0 1 3 7 ,,1.000000,0.000000,0.515422,0.429529,0.408115,0.150135,0.769231,0 1 2 3 4 5 6 7 8 9 ,0 4 5 6 8 9 ,0.500000,0.000000 0.333333 1.526509 1.000000 0.333333 0.715905 2.000000 0.333333 0.000000 3.000000 1.000000 3.438124 4.000000 1.000000 3.205802 5.000000 0.333333 2.488629 6.000000 0.666667 3.007569 7.000000 0.333333 0.810603 8.000000 0.333333 1.905302 9.000000 0.333333 2.734845 
22,cf tax,17.594311,,1 ,,,,,,,,,,,,,,,
22,cf tax,0.567556,,3 ,,,,,,,,,,,,,,,
22,cf tax,94.049629,,7 ,,,,,,,,,,,,,,,
22,break_bond/phantom,-36.899158,proposer,2 4 9 ,,,,,,,,,,,,,,,
22,summary,0.000000,,,,193.229416,0 1 3 7 ,,0.000000,-1.000000,0.515422,0.429529,0.408115,0.150135,0.769231,0 1 2 3 4 5 6 7 8 9 ,0 4 5 6 8 9 ,0.500000,0.000000 0.333333 1.526509 1.000000 0.333333 0.715905 2.000000 0.333333 0.000000 3.000000 1.000000 3.438124 4.000000 1.000000 3.205802 5.000000 0.333333 2.488629 6.000000 0.666667 3.007569 7.000000 0.333333 0.810603 8.000000 0.333333 1.905302 9.000000 0.333333 2.734845 
23,cf tax,17.299160,,1 ,,,,,,,,,,,,,,,
23,cf tax,183.758499,,7 ,,,,,,,,,,,,,,,
23,break_bond/phantom,-26.287815,sender,3 2 7 ,2 0,,,,,,,,,,,,,,
23,break_bond/phantom,-201.539932,proposer,2 3 4 ,3 0,,,,,,,,,,,,,,
23,summary,0.000000,,,,393.804810,0 1 3 7 ,,1.000000,0.000000,0.515422,0.429529,0.408115,0.150135,0.769231,0 1 2 3 4 5 6 7 8 9 ,0 4 5 6 8 9 ,0.500000,0.000000 0.333333 1.526509 1.000000 0.333333 0.715905 2.000000 0.333333 0.000000 3.000000 1.000000 3.438124 4.000000 1.000000 3.205802 5.000000 0.333333 2.488629 6.000000 0.666667 3.007569 7.000000 0.333333 0.810603 8.000000 0.333333 1.905302 9.000000 0.333333 2.734845 
24,cf tax,345.751495,,7 ,,,,,,,,,,,,,,,
24,break_bond/phantom,-361.954224,proposer,2 0 1 ,,,,,,,,,,,,,,,
24,make_contract,-51.930302,receiver,1 1 2 ,2 0,,,,,,,,,,,,,,
24,summary,0.000000,,,,723.353516,0 1 3 7 ,,0.000000,0.000000,0.515422,0.429529,0.408115,0.150135,0.769231,0 1 2 3 4 5 6 7 8 9 ,0 4 5 6 8 9 ,0.500000,0.000000 0.333333 1.526509 1.000000 0.333333 0.715905 2.000000 0.333333 0.000000 3.000000 1.000000 3.438124 4.000000 1.000000 3.205802 5.000000 0.333333 2.488629 6.000000 0.666667 3.007569 7.000000 0.333333 0.810603 8.000000 0.333333 1.905302 9.000000 0.333333 2.734845 
25,cf tax,11.982737,,1 ,,,,,,,,,,,,,,,
25,cf tax,10.955005,,3 ,,,,,,,,,,,,,,,
25,cf tax,681.961975,,7 ,,,,,,,,,,,,,,,
25,break_bond/phantom,-661.089905,proposer,2 3 4 ,3 0,,,,,,,,,,,,,,
25,summary,0.000000,,,,1472.062988,0 1 3 7 ,,1.000000,-1.000000,0.515422,0.429529,0.408115,0.150135,0.769231,0 1 2 3 4 5 6 7 8 9 ,0 4 5 6 8 9 ,0.500000,0.000000 0.333333 1.526509 1.000000 0.333333 0.715905 2.000000 0.333333 0.000000 3.000000 1.000000 3.438124 4.000000 1.000000 3.205802 5.000000 0.333333 2.488629 6.000000 0.666667 3.007569 7.000000 0.333333 0.810603 8.000000 0.333333 1.905302 9.000000 0.333333 2.734845 
26,cf tax,1358.845825,,7 ,,,,,,,,,,,,,,,
26,break_bond/phantom,-1328.253784,proposer,2 0 1 ,,,,,,,,,,,,,,,
26,summary,0.000000,,,,2861.500488,0 1 3 7 ,,0.000000,-1.000000,0.515422,0.429529,0.408115,0.150135,0.769231,0 1 2 3 4 5 6 7 8 9 ,0 4 5 6 8 9 ,0.500000,0.000000 0.333333 1.526509 1.000000 0.333333 0.715905 2.000000 0.333333 0.000000 3.000000 1.000000 3.438124 4.000000 1.000000 3.205802 5.000000 0.333333 2.488629 6.000000 0.666667 3.007569 7.000000 0.333333 0.810603 8.000000 0.333333 1.905302 9.000000 0.333333 2.734845 
27,cf tax,14.526172,,1 ,,,,,,,,,,,,,,,
27,cf tax,2707.573486,,7 ,,,,,,,,,,,,,,,
27,make_contract,-2890.552979,sender,2 2 7 ,7 1,,,,,,,,,,,,,,
27,summary,0.000000,,,,5415.146484,0 1 3 7 ,7 ,1.000000,-1.000000,0.515422,0.429529,0.408115,0.150135,0.769231,0 1 2 3 4 5 6 7 8 9 ,0 4 5 6 8 9 ,0.500000,0.000000 0.333333 1.526509 1.000000 0.333333 0.715905 2.000000 0.333333 0.000000 3.000000 1.000000 3.438124 4.000000 1.000000 3.205802 5.000000 0.333333 2.488629 6.000000 0.666667 3.007569 7.000000 0.333333 0.810603 8.000000 0.333333 1.905302 9.000000 0.333333 2.734845 
28,contract activity,10830.292969,,,,,,,,,,,,,,,,,
28,cf tax,14.856920,,1 ,,,,,,,,,,,,,,,
28,cf tax,9.281957,,3 ,,,,,,,,,,,,,,,
28,break_bond/phantom,-14685.196289,proposer,2 4 6 ,,,,,,,,,,,,,,,
28,summary,0.000000,,,,1608.520508,0 1 3 7 ,7 ,0.500000,-1.000000,0.515422,0.429529,0.408115,0.150135,0.769231,0 1 2 3 4 5 6 7 8 9 ,0 4 5 6 8 9 ,0.500000,0.000000 0.333333 1.526509 1.000000 0.333333 0.715905 2.000000 0.333333 0.000000 3.000000 1.000000 3.438124 4.000000 1.000000 3.205802 5.000000 0.333333 2.488629 6.000000 0.666667 3.007569 7.000000 0.333333 0.810603 8.000000 0.333333 1.905302 9.000000 0.333333 2.734845 
29,contract activity,3217.041016,,,,,,,,,,,,,,,,,
29,break_bond/phantom,-556.795532,sender,3 2 7 ,2 0,,,,,,,,,,,,,,
29,break_bond/phantom,-4348.308105,proposer,2 3 4 ,3 0,,,,,,,,,,,,,,
29,make_contract,-636.337769,receiver,1 1 2 ,2 0,,,,,,,,,,,,,,
29,summary,0.000000,,,,477.253418,0 1 3 7 ,7 ,1.000000,0.000000,0.515422,0.429529,0.408115,0.150135,0.769231,0 1 2 3 4 5 6 7 8 9 ,0 4 5 6 8 9 ,0.500000,0.000000 0.333333 1.526509 1.000000 0.333333 0.715905 2.000000 0.333333 0.000000 3.000000 1.000000 3.438124 4.000000 1.000000 3.205802 5.000000 0.333333 2.488629 6.000000 0.666667 3.007569 7.000000 0.333333 0.810603 8.000000 0.333333 1.905302 9.000000 0.333333 2.734845 
30,contract activity,954.506836,,,,,,,,,,,,,,,,,
30,cf tax,537971.812500,,7 ,,,,,,,,,,,,,,,
30,break_bond/phantom,-1291.888306,proposer,2 0 1 ,,,,,,,,,,,,,,,
30,summary,0.000000,,,,1076083.500000,0 1 3 7 ,7 ,0.500000,-1.000000,0.515422,0.429529,0.408115,0.150135,0.830769,0 1 2 3 4 5 6 7 8 9 ,0 4 5 6 8 9 ,0.500000,0.000000 0.333333 1.526509 1.000000 0.333333 0.715905 2.000000 0.333333 0.000000 3.000000 1.000000 3.438124 4.000000 1.000000 3.205802 5.000000 0.333333 2.488629 6.000000 0.666667 3.007569 7.000000 0.333333 0.810603 8.000000 0.333333 1.905302 9.000000 0.333333 2.734845 
31,contract activity,2152167.000000,,,,,,,,,,,,,,,,,
31,cf tax,8291.400391,,1 ,,,,,,,,,,,,,,,
31,cf tax,18244.226562,,3 ,,,,,,,,,,,,,,,
31,cf tax,3305602.500000,,7 ,,,,,,,,,,,,,,,
31,break_bond/phantom,-3029676.000000,proposer,2 4 6 ,,,,,,,,,,,,,,,
31,summary,0.000000,,,,6862851.000000,0 1 3 7 ,7 ,0.500000,-1.000000,0.515422,0.429529,0.408115,0.150135,0.830769,0 1 2 3 4 5 6 7 8 9 ,0 4 5 6 8 9 ,0.500000,0.000000 0.333333 1.526509 1.000000 0.333333 0.715905 2.000000 0.333333 0.000000 3.000000 1.000000 3.438124 4.000000 1.000000 3.205802 5.000000 0.333333 2.488629 6.000000 0.666667 3.007569 7.000000 0.333333 0.810603 8.000000 0.333333 1.905302 9.000000 0.333333 2.734845 
32,contract activity,13725702.000000,,,,,,,,,,,,,,,,,
32,cf tax,19375918.000000,,7 ,,,,,,,,,,,,,,,
32,break_bond/phantom,-19477222.000000,proposer,2 4 9 ,,,,,,,,,,,,,,,
32,break_bond/phantom,-1742108.125000,sender,3 2 7 ,2 0,,,,,,,,,,,,,,
32,make_contract,-1990980.750000,receiver,1 1 2 ,2 0,,,,,,,,,,,,,,
32,summary,0.000000,,,,39863168.000000,0 1 3 7 ,7 ,0.500000,0.000000,0.515422,0.429529,0.408115,0.150135,0.830769,0 1 2 3 4 5 6 7 8 9 ,0 4 5 6 8 9 ,0.500000,0.000000 0.333333 1.526509 1.000000 0.333333 0.715905 2.000000 0.333333 0.000000 3.000000 1.000000 3.438124 4.000000 1.000000 3.205802 5.000000 0.333333 2.488629 6.000000 0.666667 3.007569 7.000000 0.333333 0.810603 8.000000 0.333333 1.905302 9.000000 0.333333 2.734845 
33,contract activity,79726336.000000,,,,,,,,,,,,,,,,,
33,cf tax,6429.674805,,1 ,,,,,,,,,,,,,,,
33,cf tax,113572704.000000,,7 ,,,,,,,,,,,,,,,
33,make_contract,-119602368.000000,sender,2 2 7 ,7 1,,,,,,,,,,,,,,
33,summary,0.000000,,,,227145408.000000,0 1 3 7 ,7 ,1.000000,-1.000000,0.515422,0.429529,0.408115,0.150135,0.830769,0 1 2 3 4 5 6 7 8 9 ,0 4 5 6 8 9 ,0.500000,0.000000 0.333333 1.526509 1.000000 0.333333 0.715905 2.000000 0.333333 0.000000 3.000000 1.000000 3.438124 4.000000 1.000000 3.205802 5.000000 0.333333 2.488629 6.000000 0.666667 3.007569 7.000000 0.333333 0.810603 8.000000 0.333333 1.905302 9.000000 0.333333 2.734845 
34,contract activity,454290816.000000,,,,,,,,,,,,,,,,,
34,cf tax,3288.732422,,1 ,,,,,,,,,,,,,,,
34,cf tax,3476308.750000,,3 ,,,,,,,,,,,,,,,
34,break_bond/phantom,-636257856.000000,proposer,2 0 5 ,,,,,,,,,,,,,,,
34,summary,0.000000,,,,52137472.000000,0 1 3 7 ,7 ,0.500000,-1.000000,0.515422,0.429529,0.408115,0.150135,0.830769,0 1 2 3 4 5 6 7 8 9 ,0 4 5 6 8 9 ,0.500000,0.000000 0.333333 1.526509 1.000000 0.333333 0.715905 2.000000 0.333333 0.000000 3.000000 1.000000 3.438124 4.000000 1.000000 3.205802 5.000000 0.333333 2.488629 6.000000 0.666667 3.007569 7.000000 0.333333 0.810603 8.000000 0.333333 1.905302 9.000000 0.333333 2.734845 
35,contract activity,104274944.000000,,,,,,,,,,,,,,,,,
35,cf tax,763745.062500,,3 ,,,,,,,,,,,,,,,
35,cf tax,3067265792.000000,,7 ,,,,,,,,,,,,,,,
35,break_bond/phantom,-145068224.000000,proposer,2 3 4 ,3 0,,,,,,,,,,,,,,
35,make_contract,-15125595.000000,receiver,1 1 2 ,2 0,,,,,,,,,,,,,,
35,summary,0.000000,,,,6147403776.000000,0 1 3 7 ,7 ,1.000000,0.000000,0.515422,0.429529,0.408115,0.150135,0.830769,0 1 2 3 4 5 6 7 8 9 ,0 4 5 6 8 9 ,0.500000,0.000000 0.333333 1.526509 1.000000 0.333333 0.715905 2.000000 0.333333 0.000000 3.000000 1.000000 3.438124 4.000000 1.000000 3.205802 5.000000 0.333333 2.488629 6.000000 0.666667 3.007569 7.000000 0.333333 0.810603 8.000000 0.333333 1.905302 9.000000 0.333333 2.734845 
36,contract activity,12294807552.000000,,,,,,,,,,,,,,,,,
36,cf tax,31382086.000000,,1 ,,,,,,,,,,,,,,,
36,break_bond/phantom,-17277952000.000000,proposer,2 0 1 ,,,,,,,,,,,,,,,
36,summary,0.000000,,,,1227022336.000000,0 1 3 7 ,7 ,0.500000,-1.000000,0.515422,0.429529,0.408115,0.150135,0.830769,0 1 2 3 4 5 6 7 8 9 ,0 4 5 6 8 9 ,0.500000,0.000000 0.333333 1.526509 1.000000 0.333333 0.715905 2.000000 0.333333 0.000000 3.000000 1.000000 3.438124 4.000000 1.000000 3.205802 5.000000 0.333333 2.488629 6.000000 0.666667 3.007569 7.000000 0.333333 0.810603 8.000000 0.333333 1.905302 9.000000 0.333333 2.734845 
37,contract activity,2454044672.000000,,,,,,,,,,,,,,,,,
37,cf tax,1405746688.000000,,1 ,,,,,,,,,,,,,,,
37,cf tax,43060720.000000,,3 ,,,,,,,,,,,,,,,
37,cf tax,107471765504.000000,,7 ,,,,,,,,,,,,,,,
37,break_bond/phantom,-5943190016.000000,proposer,2 3 4 ,3 0,,,,,,,,,,,,,,
37,summary,0.000000,,,,215579017216.000000,0 1 3 7 ,7 ,1.000000,-1.000000,0.515422,0.429529,0.408115,0.150135,0.830769,0 1 2 3 4 5 6 7 8 9 ,0 4 5 6 8 9 ,0.500000,0.000000 0.333333 1.526509 1.000000 0.333333 0.715905 2.000000 0.333333 0.000000 3.000000 1.000000 3.438124 4.000000 1.000000 3.205802 5.000000 0.333333 2.488629 6.000000 0.666667 3.007569 7.000000 0.333333 0.810603 8.000000 0.333333 1.905302 9.000000 0.333333 2.734845 
38,contract activity,431158034432.000000,,,,,,,,,,,,,,,,,
38,cf tax,659085066240.000000,,7 ,,,,,,,,,,,,,,,
38,break_bond/phantom,-611827449856.000000,proposer,2 0 1 ,,,,,,,,,,,,,,,
38,break_bond/phantom,-54723899392.000000,sender,3 2 7 ,2 0,,,,,,,,,,,,,,
38,make_contract,-62541598720.000000,receiver,1 1 2 ,2 0,,,,,,,,,,,,,,
38,summary,0.000000,,,,1353079717888.000000,0 1 3 7 ,7 ,0.500000,0.000000,0.515422,0.429529,0.408115,0.150135,0.833333,0 1 2 3 4 5 6 7 8 9 ,0 4 5 6 8 9 ,0.500000,0.000000 0.333333 1.526509 1.000000 0.333333 0.715905 2.000000 0.333333 0.000000 3.000000 1.000000 3.438124 4.000000 1.000000 3.205802 5.000000 0.333333 2.488629 6.000000 0.666667 3.007569 7.000000 0.333333 0.810603 8.000000 0.333333 1.905302 9.000000 0.333333 2.734845 
39,contract activity,2706159435776.000000,,,,,,,,,,,,,,,,,
39,cf tax,2173980160.000000,,1 ,,,,,,,,,,,,,,,
39,cf tax,3447173677056.000000,,7 ,,,,,,,,,,,,,,,
39,break_bond/phantom,-3724954828800.000000,proposer,2 3 8 ,3 1,,,,,,,,,,,,,,
39,summary,0.000000,,,,7232978681856.000000,0 1 3 7 ,7 ,1.000000,-1.000000,0.515422,0.429529,0.408115,0.150135,0.833333,0 1 2 3 4 5 6 7 8 9 ,0 4 5 6 8 9 ,0.500000,0.000000 0.333333 1.526509 1.000000 0.333333 0.715905 2.000000 0.333333 0.000000 3.000000 1.000000 3.438124 4.000000 1.000000 3.205802 5.000000 0.333333 2.488629 6.000000 0.666667 3.007569 7.000000 0.333333 0.810603 8.000000 0.333333 1.905302 9.000000 0.333333 2.734845 
40,contract activity,14465957363712.000000,,,,,,,,,,,,,,,,,
40,cf tax,1098135296.000000,,1 ,,,,,,,,,,,,,,,
40,cf tax,105484148736.000000,,3 ,,,,,,,,,,,,,,,
40,cf tax,21260775981056.000000,,7 ,,,,,,,,,,,,,,,
40,break_bond/phantom,-20290562162688.000000,proposer,2 0 5 ,,,,,,,,,,,,,,,
40,summary,0.000000,,,,44143090860032.000000,0 1 3 7 ,7 ,0.500000,-1.000000,0.515422,0.429529,0.408115,0.150135,0.833333,0 1 2 3 4 5 6 7 8 9 ,0 4 5 6 8 9 ,0.500000,0.000000 0.333333 1.526509 1.000000 0.333333 0.715905 2.000000 0.333333 0.000000 3.000000 1.000000 3.438124 4.000000 1.000000 3.205802 5.000000 0.333333 2.488629 6.000000 0.666667 3.007569 7.000000 0.333333 0.810603 8.000000 0.333333 1.905302 9.000000 0.333333 2.734845 
41,contract activity,88286181720064.000000,,,,,,,,,,,,,,,,,
41,cf tax,98570797056.000000,,3 ,,,,,,,,,,,,,,,
41,cf tax,124974723497984.000000,,7 ,,,,,,,,,,,,,,,
41,break_bond/phantom,-125429436383232.000000,proposer,2 4 9 ,,,,,,,,,,,,,,,
41,make_contract,-12612314071040.000000,receiver,1 1 2 ,2 0,,,,,,,,,,,,,,
41,summary,0.000000,,,,257146453229568.000000,0 1 3 7 ,7 ,0.500000,0.000000,0.515422,0.429529,0.408115,0.150135,0.833333,0 1 2 3 4 5 6 7 8 9 ,0 4 5 6 8 9 ,0.500000,0.000000 0.333333 1.526509 1.000000 0.333333 0.715905 2.000000 0.333333 0.000000 3.000000 1.000000 3.438124 4.000000 1.000000 3.205802 5.000000 0.333333 2.488629 6.000000 0.666667 3.007569 7.000000 0.333333 0.810603 8.000000 0.333333 1.905302 9.000000 0.333333 2.734845 
42,contract activity,514292906459136.000000,,,,,,,,,,,,,,,,,
42,cf tax,25240930304.000000,,1 ,,,,,,,,,,,,,,,
42,cf tax,706984701591552.000000,,7 ,,,,,,,,,,,,,,,
42,break_bond/phantom,-57147400388608.000000,sender,3 2 7 ,2 0,,,,,,,,,,,,,,
42,break_bond/phantom,-707198980194304.000000,proposer,2 3 4 ,3 1,,,,,,,,,,,,,,
42,summary,0.000000,,,,1478260231766016.000000,0 1 3 7 ,7 ,1.000000,0.000000,0.515422,0.429529,0.408115,0.150135,0.861538,0 1 2 3 4 5 6 7 8 9 ,0 4 5 6 8 9 ,0.500000,0.000000 0.333333 1.526509 1.000000 0.333333 0.715905 2.000000 0.333333 0.000000 3.000000 1.000000 3.438124 4.000000 1.000000 3.205802 5.000000 0.333333 2.488629 6.000000 0.666667 3.007569 7.000000 0.333333 0.810603 8.000000 0.333333 1.905302 9.000000 0.333333 2.734845 
43,contract activity,2956520463532032.000000,,,,,,,,,,,,,,,,,
43,cf tax,12720590848.000000,,1 ,,,,,,,,,,,,,,,
43,cf tax,24116191035392.000000,,3 ,,,,,,,,,,,,,,,
43,break_bond/phantom,-4210336576045056.000000,proposer,2 4 6 ,,,,,,,,,,,,,,,
43,summary,0.000000,,,,272701969137664.000000,0 1 3 7 ,7 ,0.500000,-1.000000,0.515422,0.429529,0.408115,0.150135,0.861538,0 1 2 3 4 5 6 7 8 9 ,0 4 5 6 8 9 ,0.500000,0.000000 0.333333 1.526509 1.000000 0.333333 0.715905 2.000000 0.333333 0.000000 3.000000 1.000000 3.438124 4.000000 1.000000 3.205802 5.000000 0.333333 2.488629 6.000000 0.666667 3.007569 7.000000 0.333333 0.810603 8.000000 0.333333 1.905302 9.000000 0.333333 2.734845 
44,contract activity,545403938275328.000000,,,,,,,,,,,,,,,,,
44,cf tax,6124184010752.000000,,3 ,,,,,,,,,,,,,,,
44,break_bond/phantom,-776697121079296.000000,proposer,2 4 9 ,,,,,,,,,,,,,,,
44,summary,0.000000,,,,53657093537792.000000,0 1 3 7 ,7 ,0.500000,-1.000000,0.515422,0.429529,0.408115,0.150135,0.861538,0 1 2 3 4 5 6 7 8 9 ,0 4 5 6 8 9 ,0.500000,0.000000 0.333333 1.526509 1.000000 0.333333 0.715905 2.000000 0.333333 0.000000 3.000000 1.000000 3.438124 4.000000 1.000000 3.205802 5.000000 0.333333 2.488629 6.000000 0.666667 3.007569 7.000000 0.333333 0.810603 8.000000 0.333333 1.905302 9.000000 0.333333 2.734845 
45,contract activity,107314187075584.000000,,,,,,,,,,,,,,,,,
45,cf tax,3150134368010240.000000,,1 ,,,,,,,,,,,,,,,
45,cf tax,123166570988961792.000000,,7 ,,,,,,,,,,,,,,,
45,break_bond/phantom,-6013923803267072.000000,proposer,2 3 4 ,3 1,,,,,,,,,,,,,,
45,summary,0.000000,,,,246780471411736576.000000,0 1 3 7 ,7 ,1.000000,-1.000000,0.515422,0.429529,0.408115,0.150135,0.861538,0 1 2 3 4 5 6 7 8 9 ,0 4 5 6 8 9 ,0.500000,0.000000 0.333333 1.526509 1.000000 0.333333 0.715905 2.000000 0.333333 0.000000 3.000000 1.000000 3.438124 4.000000 1.000000 3.205802 5.000000 0.333333 2.488629 6.000000 0.666667 3.007569 7.000000 0.333333 0.810603 8.000000 0.333333 1.905302 9.000000 0.333333 2.734845 
46,contract activity,493560942823473152.000000,,,,,,,,,,,,,,,,,
46,cf tax,3174192895754240.000000,,1 ,,,,,,,,,,,,,,,
46,cf tax,4283384842944512.000000,,3 ,,,,,,,,,,,,,,,
46,cf tax,714214509698351104.000000,,7 ,,,,,,,,,,,,,,,
46,break_bond/phantom,-708895828357414912.000000,proposer,2 4 6 ,,,,,,,,,,,,,,,
46,summary,0.000000,,,,1474789789742923776.000000,0 1 3 7 ,7 ,0.500000,-1.000000,0.515422,0.429529,0.408115,0.150135,0.861538,0 1 2 3 4 5 6 7 8 9 ,0 4 5 6 8 9 ,0.500000,0.000000 0.333333 1.526509 1.000000 0.333333 0.715905 2.000000 0.333333 0.000000 3.000000 1.000000 3.438124 4.000000 1.000000 3.205802 5.000000 0.333333 2.488629 6.000000 0.666667 3.007569 7.000000 0.333333 0.810603 8.000000 0.333333 1.905302 9.000000 0.333333 2.734845 
47,contract activity,2949579579485847552.000000,,,,,,,,,,,,,,,,,
47,cf tax,3071952273014784.000000,,1 ,,,,,,,,,,,,,,,
47,cf tax,4031499296095338496.000000,,7 ,,,,,,,,,,,,,,,
47,break_bond/phantom,-272646963491504128.000000,sender,3 2 7 ,2 0,,,,,,,,,,,,,,
47,break_bond/phantom,-4123785430183182336.000000,proposer,2 3 4 ,3 1,,,,,,,,,,,,,,
47,summary,0.000000,,,,8369726602212278272.000000,0 1 3 7 ,7 ,1.000000,0.000000,0.515422,0.429529,0.408115,0.150135,0.861538,0 1 2 3 4 5 6 7 8 9 ,0 4 5 6 8 9 ,0.500000,0.000000 0.333333 1.526509 1.000000 0.333333 0.715905 2.000000 0.333333 0.000000 3.000000 1.000000 3.438124 4.000000 1.000000 3.205802 5.000000 0.333333 2.488629 6.000000 0.666667 3.007569 7.000000 0.333333 0.810603 8.000000 0.333333 1.905302 9.000000 0.333333 2.734845 
48,contract activity,16739453204424556544.000000,,,,,,,,,,,,,,,,,
48,cf tax,3095413531869184.000000,,1 ,,,,,,,,,,,,,,,
48,cf tax,25024856060879437824.000000,,7 ,,,,,,,,,,,,,,,
48,break_bond/phantom,-23844147698415435776.000000,proposer,2 0 1 ,,,,,,,,,,,,,,,
48,summary,0.000000,,,,51320936679467909120.000000,0 1 3 7 ,7 ,0.500000,-1.000000,0.515422,0.429529,0.408115,0.150135,0.861538,0 1 2 3 4 5 6 7 8 9 ,0 4 5 6 8 9 ,0.500000,0.000000 0.333333 1.526509 1.000000 0.333333 0.715905 2.000000 0.333333 0.000000 3.000000 1.000000 3.438124 4.000000 1.000000 3.205802 5.000000 0.333333 2.488629 6.000000 0.666667 3.007569 7.000000 0.333333 0.810603 8.000000 0.333333 1.905302 9.000000 0.333333 2.734845 
49,contract activity,102641873358935818240.000000,,,,,,,,,,,,,,,,,
49,cf tax,39648226088845312.000000,,1 ,,,,,,,,,,,,,,,
49,cf tax,765823592641331200.000000,,3 ,,,,,,,,,,,,,,,
49,break_bond/phantom,-146245205981648650240.000000,proposer,2 0 5 ,,,,,,,,,,,,,,,
49,summary,0.000000,,,,9328546921121316864.000000,0 1 3 7 ,7 ,0.500000,-1.000000,0.515422,0.429529,0.408115,0.150135,0.861538,0 1 2 3 4 5 6 7 8 9 ,0 4 5 6 8 9 ,0.500000,0.000000 0.333333 1.526509 1.000000 0.333333 0.715905 2.000000 0.333333 0.000000 3.000000 1.000000 3.438124 4.000000 1.000000 3.205802 5.000000 0.333333 2.488629 6.000000 0.666667 3.007569 7.000000 0.333333 0.810603 8.000000 0.333333 1.905302 9.000000 0.333333 2.734845 
50,contract activity,18657093842242633728.000000,,,,,,,,,,,,,,,,,
50,cf tax,867438535334063767552.000000,,7 ,,,,,,,,,,,,,,,
50,break_bond/phantom,-1722193100132057088.000000,sender,3 2 7 ,2 0,,,,,,,,,,,,,,
50,break_bond/phantom,-26048173731873816576.000000,proposer,2 3 8 ,3 1,,,,,,,,,,,,,,
50,summary,0.000000,,,,1736814603670315335680.000000,0 1 3 7 ,7 ,1.000000,0.000000,0.515422,0.429529,0.408115,0.150135,0.861538,0 1 2 3 4 5 6 7 8 9 ,0 4 5 6 8 9 ,0.500000,0.000000 0.333333 1.526509 1.000000 0.333333 0.715905 2.000000 0.333333 0.000000 3.000000 1.000000 3.438124 4.000000 1.000000 3.205802 5.000000 0.333333 2.488629 6.000000 0.666667 3.007569 7.000000 0.333333 0.810603 8.000000 0.333333 1.905302 9.000000 0.333333 2.734845 
51,contract activity,3473629207340630671360.000000,,,,,,,,,,,,,,,,,
51,make_contract,-5313507844058389676032.000000,sender,2 2 7 ,7 1,,,,,,,,,,,,,,
51,make_contract,-412254900736751566848.000000,receiver,1 1 2 ,2 0,,,,,,,,,,,,,,
51,summary,0.000000,,,,-103063751572466958336.000000,0 1 3 7 ,7 ,1.000000,0.000000,0.515422,0.429529,0.408115,0.150135,0.861538,0 1 2 3 4 5 6 7 8 9 ,0 4 5 6 8 9 ,0.500000,0.000000 0.333333 1.526509 1.000000 0.333333 0.715905 2.000000 0.333333 0.000000 3.000000 1.000000 3.438124 4.000000 1.000000 3.205802 5.000000 0.333333 2.488629 6.000000 0.666667 3.007569 7.000000 0.333333 0.810603 8.000000 0.333333 1.905302 9.000000 0.333333 2.734845 
