time,event_type,impact,role,nodes,responses,currency,neighbors,contracts,transmission,cfAcceptanceRate,competition,greed,negotiation,growth,nodeRank,knownNodes,competitors,numPathsRatio,pathsInfo
0,summary,0.000000,,,,100.000000,4 8 ,,-1.000000,-1.000000,0.790652,0.020510,0.403159,0.306074,1.000000,4 8 ,,0.000000,4.000000 0.000000 0.000000 8.000000 0.000000 0.000000 
1,summary,0.000000,,,,100.000000,4 8 ,,-1.000000,-1.000000,0.790652,0.020510,0.403159,0.306074,1.000000,4 8 ,,0.000000,4.000000 0.000000 0.000000 8.000000 0.000000 0.000000 
2,summary,0.000000,,,,100.000000,4 8 ,,-1.000000,-1.000000,0.790652,0.020510,0.403159,0.306074,1.000000,4 8 ,,0.000000,4.000000 0.000000 0.000000 8.000000 0.000000 0.000000 
3,summary,0.000000,,,,100.000000,4 8 ,,-1.000000,-1.000000,0.790652,0.020510,0.403159,0.306074,1.000000,4 8 ,,0.000000,4.000000 0.000000 0.000000 8.000000 0.000000 0.000000 
4,summary,0.000000,,,,100.000000,4 8 ,,-1.000000,-1.000000,0.790652,0.020510,0.403159,0.306074,1.000000,4 8 ,,0.000000,4.000000 0.000000 0.000000 8.000000 0.000000 0.000000 
5,summary,0.000000,,,,100.000000,4 8 ,,-1.000000,-1.000000,0.790652,0.020510,0.403159,0.306074,1.000000,4 8 ,,0.000000,4.000000 0.000000 0.000000 8.000000 0.000000 0.000000 
6,summary,0.000000,,,,100.000000,4 8 ,,-1.000000,-1.000000,0.790652,0.020510,0.403159,0.306074,1.000000,4 8 ,,0.000000,4.000000 0.000000 0.000000 8.000000 0.000000 0.000000 
7,summary,0.000000,,,,100.000000,4 8 ,,-1.000000,-1.000000,0.790652,0.020510,0.403159,0.306074,1.000000,4 8 ,,0.000000,4.000000 0.000000 0.000000 8.000000 0.000000 0.000000 
8,summary,0.000000,,,,100.000000,4 8 ,,-1.000000,-1.000000,0.790652,0.020510,0.403159,0.306074,1.000000,4 8 ,,0.000000,4.000000 0.000000 0.000000 8.000000 0.000000 0.000000 
9,summary,0.000000,,,,100.000000,4 8 ,,-1.000000,-1.000000,0.790652,0.020510,0.403159,0.306074,1.000000,4 8 ,,0.000000,4.000000 0.000000 0.000000 8.000000 0.000000 0.000000 
10,summary,0.000000,,,,100.000000,4 8 ,,-1.000000,-1.000000,0.790652,0.020510,0.403159,0.306074,1.000000,4 8 ,,0.000000,4.000000 0.000000 0.000000 8.000000 0.000000 0.000000 
11,discovery,-20.000000,,,,,,,,,,,,,,,,,
11,summary,0.000000,,,,80.000000,4 8 ,,-1.000000,-1.000000,0.790652,0.020510,0.403159,0.306074,0.828571,4 8 ,,0.700000,0.000000 1.000000 3.898861 1.000000 1.000000 3.898861 2.000000 0.666667 2.924146 3.000000 0.666667 1.949431 4.000000 0.333333 0.974715 5.000000 1.000000 2.924146 6.000000 1.000000 2.924146 7.000000 0.666667 3.898861 8.000000 0.333333 0.974715 9.000000 0.333333 0.000000 
12,break_bond/phantom,-48.829441,proposer,9 0 5 ,0 0,,,,,,,,,,,,,,
12,summary,0.000000,,,,31.170559,4 8 ,,1.000000,-1.000000,0.790652,0.020510,0.403159,0.306074,0.546512,0 1 2 3 4 5 6 7 8 9 ,0 1 2 3 4 5 6 7 8 ,0.700000,0.000000 1.000000 3.898861 1.000000 1.000000 3.898861 2.000000 0.666667 2.924146 3.000000 0.666667 1.949431 4.000000 0.333333 0.974715 5.000000 1.000000 2.924146 6.000000 1.000000 2.924146 7.000000 0.666667 3.898861 8.000000 0.333333 0.974715 9.000000 0.333333 0.000000 
13,cf tax,1.166512,,4 ,,,,,,,,,,,,,,,
13,break_bond/phantom,-12.193747,proposer,9 4 6 ,4 0,,,,,,,,,,,,,,
13,make_bond/direct,-3.038697,receiver,6 6 9 ,9 0,,,,,,,,,,,,,,
13,summary,0.000000,,,,21.309835,4 8 ,,1.000000,0.000000,0.790652,0.020510,0.403159,0.306074,0.546512,0 1 2 3 4 5 6 7 8 9 ,0 1 2 3 4 5 6 7 8 ,0.700000,0.000000 1.000000 3.898861 1.000000 1.000000 3.898861 2.000000 0.666667 2.924146 3.000000 0.666667 1.949431 4.000000 0.333333 0.974715 5.000000 1.000000 2.924146 6.000000 1.000000 2.924146 7.000000 0.666667 3.898861 8.000000 0.333333 0.974715 9.000000 0.333333 0.000000 
14,break_bond/phantom,-7.755789,proposer,9 3 8 ,,,,,,,,,,,,,,,
14,summary,0.000000,,,,13.554047,4 8 ,,0.000000,-1.000000,0.790652,0.020510,0.403159,0.306074,0.551282,0 1 2 3 4 5 6 7 8 9 ,0 1 2 3 4 5 6 7 8 ,0.700000,0.000000 1.000000 3.898861 1.000000 1.000000 3.898861 2.000000 0.666667 2.924146 3.000000 0.666667 1.949431 4.000000 0.333333 0.974715 5.000000 1.000000 2.924146 6.000000 1.000000 2.924146 7.000000 0.666667 3.898861 8.000000 0.333333 0.974715 9.000000 0.333333 0.000000 
15,break_bond/phantom,-4.952440,proposer,9 0 1 ,,,,,,,,,,,,,,,
15,summary,0.000000,,,,8.601606,4 8 ,,0.000000,-1.000000,0.790652,0.020510,0.403159,0.306074,0.551282,0 1 2 3 4 5 6 7 8 9 ,0 1 2 3 4 5 6 7 8 ,0.700000,0.000000 1.000000 3.898861 1.000000 1.000000 3.898861 2.000000 0.666667 2.924146 3.000000 0.666667 1.949431 4.000000 0.333333 0.974715 5.000000 1.000000 2.924146 6.000000 1.000000 2.924146 7.000000 0.666667 3.898861 8.000000 0.333333 0.974715 9.000000 0.333333 0.000000 
16,break_bond/phantom,-3.142895,proposer,9 0 5 ,,,,,,,,,,,,,,,
16,summary,0.000000,,,,5.458712,4 8 ,,0.000000,-1.000000,0.790652,0.020510,0.403159,0.306074,0.549296,0 1 2 3 4 5 6 7 8 9 ,0 1 2 3 4 5 6 7 8 ,0.700000,0.000000 1.000000 3.898861 1.000000 1.000000 3.898861 2.000000 0.666667 2.924146 3.000000 0.666667 1.949431 4.000000 0.333333 0.974715 5.000000 1.000000 2.924146 6.000000 1.000000 2.924146 7.000000 0.666667 3.898861 8.000000 0.333333 0.974715 9.000000 0.333333 0.000000 
17,break_bond/phantom,-2.045949,proposer,9 2 3 ,,,,,,,,,,,,,,,
17,summary,0.000000,,,,3.412763,4 8 ,,0.000000,-1.000000,0.790652,0.020510,0.403159,0.306074,0.584615,0 1 2 3 4 5 6 7 8 9 ,0 1 2 3 4 5 6 7 8 ,0.700000,0.000000 1.000000 3.898861 1.000000 1.000000 3.898861 2.000000 0.666667 2.924146 3.000000 0.666667 1.949431 4.000000 0.333333 0.974715 5.000000 1.000000 2.924146 6.000000 1.000000 2.924146 7.000000 0.666667 3.898861 8.000000 0.333333 0.974715 9.000000 0.333333 0.000000 
18,break_bond/phantom,-1.281099,proposer,9 0 5 ,,,,,,,,,,,,,,,
18,summary,0.000000,,,,2.131664,4 8 ,,0.000000,-1.000000,0.790652,0.020510,0.403159,0.306074,0.584615,0 1 2 3 4 5 6 7 8 9 ,0 1 2 3 4 5 6 7 8 ,0.700000,0.000000 1.000000 3.898861 1.000000 1.000000 3.898861 2.000000 0.666667 2.924146 3.000000 0.666667 1.949431 4.000000 0.333333 0.974715 5.000000 1.000000 2.924146 6.000000 1.000000 2.924146 7.000000 0.666667 3.898861 8.000000 0.333333 0.974715 9.000000 0.333333 0.000000 
19,break_bond/phantom,-0.800194,proposer,9 3 8 ,,,,,,,,,,,,,,,
19,summary,0.000000,,,,1.331470,4 8 ,,0.000000,-1.000000,0.790652,0.020510,0.403159,0.306074,0.584615,0 1 2 3 4 5 6 7 8 9 ,0 1 2 3 4 5 6 7 8 ,0.700000,0.000000 1.000000 3.898861 1.000000 1.000000 3.898861 2.000000 0.666667 2.924146 3.000000 0.666667 1.949431 4.000000 0.333333 0.974715 5.000000 1.000000 2.924146 6.000000 1.000000 2.924146 7.000000 0.666667 3.898861 8.000000 0.333333 0.974715 9.000000 0.333333 0.000000 
20,break_bond/phantom,-0.499813,proposer,9 5 8 ,,,,,,,,,,,,,,,
20,summary,0.000000,,,,0.831657,4 8 ,,0.000000,-1.000000,0.790652,0.020510,0.403159,0.306074,0.584615,0 1 2 3 4 5 6 7 8 9 ,0 1 2 3 4 5 6 7 8 ,0.700000,0.000000 1.000000 3.898861 1.000000 1.000000 3.898861 2.000000 0.666667 2.924146 3.000000 0.666667 1.949431 4.000000 0.333333 0.974715 5.000000 1.000000 2.924146 6.000000 1.000000 2.924146 7.000000 0.666667 3.898861 8.000000 0.333333 0.974715 9.000000 0.333333 0.000000 
21,break_bond/phantom,-0.312191,proposer,9 2 3 ,,,,,,,,,,,,,,,
21,summary,0.000000,,,,0.519466,4 8 ,,0.000000,-1.000000,0.790652,0.020510,0.403159,0.306074,0.584615,0 1 2 3 4 5 6 7 8 9 ,0 1 2 3 4 5 6 7 8 ,0.700000,0.000000 1.000000 3.898861 1.000000 1.000000 3.898861 2.000000 0.666667 2.924146 3.000000 0.666667 1.949431 4.000000 0.333333 0.974715 5.000000 1.000000 2.924146 6.000000 1.000000 2.924146 7.000000 0.666667 3.898861 8.000000 0.333333 0.974715 9.000000 0.333333 0.000000 
22,break_bond/phantom,-0.199794,proposer,9 3 8 ,,,,,,,,,,,,,,,
22,summary,0.000000,,,,0.319671,4 8 ,,0.000000,-1.000000,0.790652,0.020510,0.403159,0.306074,0.584615,0 1 2 3 4 5 6 7 8 9 ,0 1 2 3 4 5 6 7 8 ,0.700000,0.000000 1.000000 3.898861 1.000000 1.000000 3.898861 2.000000 0.666667 2.924146 3.000000 0.666667 1.949431 4.000000 0.333333 0.974715 5.000000 1.000000 2.924146 6.000000 1.000000 2.924146 7.000000 0.666667 3.898861 8.000000 0.333333 0.974715 9.000000 0.333333 0.000000 
23,break_bond/phantom,-0.120000,proposer,9 5 8 ,,,,,,,,,,,,,,,
23,summary,0.000000,,,,0.199671,4 8 ,,0.000000,-1.000000,0.790652,0.020510,0.403159,0.306074,0.584615,0 1 2 3 4 5 6 7 8 9 ,0 1 2 3 4 5 6 7 8 ,0.700000,0.000000 1.000000 3.898861 1.000000 1.000000 3.898861 2.000000 0.666667 2.924146 3.000000 0.666667 1.949431 4.000000 0.333333 0.974715 5.000000 1.000000 2.924146 6.000000 1.000000 2.924146 7.000000 0.666667 3.898861 8.000000 0.333333 0.974715 9.000000 0.333333 0.000000 
24,break_bond/phantom,-0.074954,proposer,9 0 1 ,,,,,,,,,,,,,,,
24,summary,0.000000,,,,0.124718,4 8 ,,0.000000,-1.000000,0.790652,0.020510,0.403159,0.306074,0.584615,0 1 2 3 4 5 6 7 8 9 ,0 1 2 3 4 5 6 7 8 ,0.700000,0.000000 1.000000 3.898861 1.000000 1.000000 3.898861 2.000000 0.666667 2.924146 3.000000 0.666667 1.949431 4.000000 0.333333 0.974715 5.000000 1.000000 2.924146 6.000000 1.000000 2.924146 7.000000 0.666667 3.898861 8.000000 0.333333 0.974715 9.000000 0.333333 0.000000 
25,break_bond/phantom,-0.046817,proposer,9 0 5 ,,,,,,,,,,,,,,,
25,summary,0.000000,,,,0.077901,4 8 ,,0.000000,-1.000000,0.790652,0.020510,0.403159,0.306074,0.584615,0 1 2 3 4 5 6 7 8 9 ,0 1 2 3 4 5 6 7 8 ,0.700000,0.000000 1.000000 3.898861 1.000000 1.000000 3.898861 2.000000 0.666667 2.924146 3.000000 0.666667 1.949431 4.000000 0.333333 0.974715 5.000000 1.000000 2.924146 6.000000 1.000000 2.924146 7.000000 0.666667 3.898861 8.000000 0.333333 0.974715 9.000000 0.333333 0.000000 
26,break_bond/phantom,-0.029243,proposer,9 4 6 ,,,,,,,,,,,,,,,
26,summary,0.000000,,,,0.048658,4 8 ,,0.000000,-1.000000,0.790652,0.020510,0.403159,0.306074,0.584615,0 1 2 3 4 5 6 7 8 9 ,0 1 2 3 4 5 6 7 8 ,0.700000,0.000000 1.000000 3.898861 1.000000 1.000000 3.898861 2.000000 0.666667 2.924146 3.000000 0.666667 1.949431 4.000000 0.333333 0.974715 5.000000 1.000000 2.924146 6.000000 1.000000 2.924146 7.000000 0.666667 3.898861 8.000000 0.333333 0.974715 9.000000 0.333333 0.000000 
27,break_bond/phantom,-0.018265,proposer,9 0 1 ,,,,,,,,,,,,,,,
27,summary,0.000000,,,,0.030393,4 8 ,,0.000000,-1.000000,0.790652,0.020510,0.403159,0.306074,0.584615,0 1 2 3 4 5 6 7 8 9 ,0 1 2 3 4 5 6 7 8 ,0.700000,0.000000 1.000000 3.898861 1.000000 1.000000 3.898861 2.000000 0.666667 2.924146 3.000000 0.666667 1.949431 4.000000 0.333333 0.974715 5.000000 1.000000 2.924146 6.000000 1.000000 2.924146 7.000000 0.666667 3.898861 8.000000 0.333333 0.974715 9.000000 0.333333 0.000000 
28,break_bond/phantom,-0.011689,proposer,9 2 3 ,,,,,,,,,,,,,,,
28,summary,0.000000,,,,0.018703,4 8 ,,0.000000,-1.000000,0.790652,0.020510,0.403159,0.306074,0.584615,0 1 2 3 4 5 6 7 8 9 ,0 1 2 3 4 5 6 7 8 ,0.700000,0.000000 1.000000 3.898861 1.000000 1.000000 3.898861 2.000000 0.666667 2.924146 3.000000 0.666667 1.949431 4.000000 0.333333 0.974715 5.000000 1.000000 2.924146 6.000000 1.000000 2.924146 7.000000 0.666667 3.898861 8.000000 0.333333 0.974715 9.000000 0.333333 0.000000 
29,break_bond/phantom,-0.007021,proposer,9 3 8 ,,,,,,,,,,,,,,,
29,summary,0.000000,,,,0.011682,4 8 ,,0.000000,-1.000000,0.790652,0.020510,0.403159,0.306074,0.584615,0 1 2 3 4 5 6 7 8 9 ,0 1 2 3 4 5 6 7 8 ,0.700000,0.000000 1.000000 3.898861 1.000000 1.000000 3.898861 2.000000 0.666667 2.924146 3.000000 0.666667 1.949431 4.000000 0.333333 0.974715 5.000000 1.000000 2.924146 6.000000 1.000000 2.924146 7.000000 0.666667 3.898861 8.000000 0.333333 0.974715 9.000000 0.333333 0.000000 
30,break_bond/phantom,-0.004385,proposer,9 2 3 ,,,,,,,,,,,,,,,
30,summary,0.000000,,,,0.007297,4 8 ,,0.000000,-1.000000,0.790652,0.020510,0.403159,0.306074,0.584615,0 1 2 3 4 5 6 7 8 9 ,0 1 2 3 4 5 6 7 8 ,0.700000,0.000000 1.000000 3.898861 1.000000 1.000000 3.898861 2.000000 0.666667 2.924146 3.000000 0.666667 1.949431 4.000000 0.333333 0.974715 5.000000 1.000000 2.924146 6.000000 1.000000 2.924146 7.000000 0.666667 3.898861 8.000000 0.333333 0.974715 9.000000 0.333333 0.000000 
31,break_bond/phantom,-0.002807,proposer,9 3 8 ,,,,,,,,,,,,,,,
31,summary,0.000000,,,,0.004490,4 8 ,,0.000000,-1.000000,0.790652,0.020510,0.403159,0.306074,0.584615,0 1 2 3 4 5 6 7 8 9 ,0 1 2 3 4 5 6 7 8 ,0.700000,0.000000 1.000000 3.898861 1.000000 1.000000 3.898861 2.000000 0.666667 2.924146 3.000000 0.666667 1.949431 4.000000 0.333333 0.974715 5.000000 1.000000 2.924146 6.000000 1.000000 2.924146 7.000000 0.666667 3.898861 8.000000 0.333333 0.974715 9.000000 0.333333 0.000000 
32,break_bond/phantom,-0.002059,receiver,9 4 9 ,,,,,,,,,,,,,,,
32,summary,0.000000,,,,0.002432,4 8 ,,0.000000,-1.000000,0.790652,0.020510,0.403159,0.306074,0.584615,0 1 2 3 4 5 6 7 8 9 ,0 1 2 3 4 5 6 7 8 ,0.700000,0.000000 1.000000 3.898861 1.000000 1.000000 3.898861 2.000000 0.666667 2.924146 3.000000 0.666667 1.949431 4.000000 0.333333 0.974715 5.000000 1.000000 2.924146 6.000000 1.000000 2.924146 7.000000 0.666667 3.898861 8.000000 0.333333 0.974715 9.000000 0.333333 0.000000 
33,break_bond/phantom,-0.000935,proposer,9 0 1 ,,,,,,,,,,,,,,,
33,summary,0.000000,,,,0.001496,4 8 ,,0.000000,-1.000000,0.790652,0.020510,0.403159,0.306074,0.584615,0 1 2 3 4 5 6 7 8 9 ,0 1 2 3 4 5 6 7 8 ,0.700000,0.000000 1.000000 3.898861 1.000000 1.000000 3.898861 2.000000 0.666667 2.924146 3.000000 0.666667 1.949431 4.000000 0.333333 0.974715 5.000000 1.000000 2.924146 6.000000 1.000000 2.924146 7.000000 0.666667 3.898861 8.000000 0.333333 0.974715 9.000000 0.333333 0.000000 
34,break_bond/phantom,-0.000562,proposer,9 2 7 ,,,,,,,,,,,,,,,
34,summary,0.000000,,,,0.000935,4 8 ,,0.000000,-1.000000,0.790652,0.020510,0.403159,0.306074,0.584615,0 1 2 3 4 5 6 7 8 9 ,0 1 2 3 4 5 6 7 8 ,0.700000,0.000000 1.000000 3.898861 1.000000 1.000000 3.898861 2.000000 0.666667 2.924146 3.000000 0.666667 1.949431 4.000000 0.333333 0.974715 5.000000 1.000000 2.924146 6.000000 1.000000 2.924146 7.000000 0.666667 3.898861 8.000000 0.333333 0.974715 9.000000 0.333333 0.000000 
35,break_bond/phantom,-0.000360,proposer,9 0 5 ,,,,,,,,,,,,,,,
35,summary,0.000000,,,,0.000575,4 8 ,,0.000000,-1.000000,0.790652,0.020510,0.403159,0.306074,0.584615,0 1 2 3 4 5 6 7 8 9 ,0 1 2 3 4 5 6 7 8 ,0.700000,0.000000 1.000000 3.898861 1.000000 1.000000 3.898861 2.000000 0.666667 2.924146 3.000000 0.666667 1.949431 4.000000 0.333333 0.974715 5.000000 1.000000 2.924146 6.000000 1.000000 2.924146 7.000000 0.666667 3.898861 8.000000 0.333333 0.974715 9.000000 0.333333 0.000000 
36,break_bond/phantom,-0.000216,proposer,9 2 7 ,,,,,,,,,,,,,,,
36,summary,0.000000,,,,0.000359,4 8 ,,0.000000,-1.000000,0.790652,0.020510,0.403159,0.306074,0.584615,0 1 2 3 4 5 6 7 8 9 ,0 1 2 3 4 5 6 7 8 ,0.700000,0.000000 1.000000 3.898861 1.000000 1.000000 3.898861 2.000000 0.666667 2.924146 3.000000 0.666667 1.949431 4.000000 0.333333 0.974715 5.000000 1.000000 2.924146 6.000000 1.000000 2.924146 7.000000 0.666667 3.898861 8.000000 0.333333 0.974715 9.000000 0.333333 0.000000 
37,break_bond/phantom,-0.000138,proposer,9 0 5 ,,,,,,,,,,,,,,,
37,summary,0.000000,,,,0.000221,4 8 ,,0.000000,-1.000000,0.790652,0.020510,0.403159,0.306074,0.584615,0 1 2 3 4 5 6 7 8 9 ,0 1 2 3 4 5 6 7 8 ,0.700000,0.000000 1.000000 3.898861 1.000000 1.000000 3.898861 2.000000 0.666667 2.924146 3.000000 0.666667 1.949431 4.000000 0.333333 0.974715 5.000000 1.000000 2.924146 6.000000 1.000000 2.924146 7.000000 0.666667 3.898861 8.000000 0.333333 0.974715 9.000000 0.333333 0.000000 
38,break_bond/phantom,-0.000085,proposer,9 2 3 ,,,,,,,,,,,,,,,
38,summary,0.000000,,,,0.000136,4 8 ,,0.000000,-1.000000,0.790652,0.020510,0.403159,0.306074,0.575758,0 1 2 3 4 5 6 7 8 9 ,0 1 2 3 4 5 6 7 8 ,0.700000,0.000000 1.000000 3.898861 1.000000 1.000000 3.898861 2.000000 0.666667 2.924146 3.000000 0.666667 1.949431 4.000000 0.333333 0.974715 5.000000 1.000000 2.924146 6.000000 1.000000 2.924146 7.000000 0.666667 3.898861 8.000000 0.333333 0.974715 9.000000 0.333333 0.000000 
39,break_bond/phantom,-0.000051,proposer,9 2 3 ,,,,,,,,,,,,,,,
39,summary,0.000000,,,,0.000085,4 8 ,,0.000000,-1.000000,0.790652,0.020510,0.403159,0.306074,0.575758,0 1 2 3 4 5 6 7 8 9 ,0 1 2 3 4 5 6 7 8 ,0.700000,0.000000 1.000000 3.898861 1.000000 1.000000 3.898861 2.000000 0.666667 2.924146 3.000000 0.666667 1.949431 4.000000 0.333333 0.974715 5.000000 1.000000 2.924146 6.000000 1.000000 2.924146 7.000000 0.666667 3.898861 8.000000 0.333333 0.974715 9.000000 0.333333 0.000000 
40,break_bond/phantom,-0.000033,proposer,9 4 6 ,,,,,,,,,,,,,,,
40,summary,0.000000,,,,0.000053,4 8 ,,0.000000,-1.000000,0.790652,0.020510,0.403159,0.306074,0.575758,0 1 2 3 4 5 6 7 8 9 ,0 1 2 3 4 5 6 7 8 ,0.700000,0.000000 1.000000 3.898861 1.000000 1.000000 3.898861 2.000000 0.666667 2.924146 3.000000 0.666667 1.949431 4.000000 0.333333 0.974715 5.000000 1.000000 2.924146 6.000000 1.000000 2.924146 7.000000 0.666667 3.898861 8.000000 0.333333 0.974715 9.000000 0.333333 0.000000 
41,break_bond/phantom,-0.000020,proposer,9 3 8 ,,,,,,,,,,,,,,,
41,summary,0.000000,,,,0.000033,4 8 ,,0.000000,-1.000000,0.790652,0.020510,0.403159,0.306074,0.575758,0 1 2 3 4 5 6 7 8 9 ,0 1 2 3 4 5 6 7 8 ,0.700000,0.000000 1.000000 3.898861 1.000000 1.000000 3.898861 2.000000 0.666667 2.924146 3.000000 0.666667 1.949431 4.000000 0.333333 0.974715 5.000000 1.000000 2.924146 6.000000 1.000000 2.924146 7.000000 0.666667 3.898861 8.000000 0.333333 0.974715 9.000000 0.333333 0.000000 
42,break_bond/phantom,-0.000012,proposer,9 0 5 ,,,,,,,,,,,,,,,
42,summary,0.000000,,,,0.000021,4 8 ,,0.000000,-1.000000,0.790652,0.020510,0.403159,0.306074,0.584615,0 1 2 3 4 5 6 7 8 9 ,0 1 2 3 4 5 6 7 8 ,0.700000,0.000000 1.000000 3.898861 1.000000 1.000000 3.898861 2.000000 0.666667 2.924146 3.000000 0.666667 1.949431 4.000000 0.333333 0.974715 5.000000 1.000000 2.924146 6.000000 1.000000 2.924146 7.000000 0.666667 3.898861 8.000000 0.333333 0.974715 9.000000 0.333333 0.000000 
43,break_bond/phantom,-0.000008,proposer,9 4 6 ,,,,,,,,,,,,,,,
43,summary,0.000000,,,,0.000013,4 8 ,,0.000000,-1.000000,0.790652,0.020510,0.403159,0.306074,0.584615,0 1 2 3 4 5 6 7 8 9 ,0 1 2 3 4 5 6 7 8 ,0.700000,0.000000 1.000000 3.898861 1.000000 1.000000 3.898861 2.000000 0.666667 2.924146 3.000000 0.666667 1.949431 4.000000 0.333333 0.974715 5.000000 1.000000 2.924146 6.000000 1.000000 2.924146 7.000000 0.666667 3.898861 8.000000 0.333333 0.974715 9.000000 0.333333 0.000000 
44,break_bond/phantom,-0.000005,proposer,9 3 8 ,,,,,,,,,,,,,,,
44,summary,0.000000,,,,0.000008,4 8 ,,0.000000,-1.000000,0.790652,0.020510,0.403159,0.306074,0.584615,0 1 2 3 4 5 6 7 8 9 ,0 1 2 3 4 5 6 7 8 ,0.700000,0.000000 1.000000 3.898861 1.000000 1.000000 3.898861 2.000000 0.666667 2.924146 3.000000 0.666667 1.949431 4.000000 0.333333 0.974715 5.000000 1.000000 2.924146 6.000000 1.000000 2.924146 7.000000 0.666667 3.898861 8.000000 0.333333 0.974715 9.000000 0.333333 0.000000 
45,break_bond/phantom,-0.000003,proposer,9 0 1 ,,,,,,,,,,,,,,,
45,summary,0.000000,,,,0.000005,4 8 ,,0.000000,-1.000000,0.790652,0.020510,0.403159,0.306074,0.584615,0 1 2 3 4 5 6 7 8 9 ,0 1 2 3 4 5 6 7 8 ,0.700000,0.000000 1.000000 3.898861 1.000000 1.000000 3.898861 2.000000 0.666667 2.924146 3.000000 0.666667 1.949431 4.000000 0.333333 0.974715 5.000000 1.000000 2.924146 6.000000 1.000000 2.924146 7.000000 0.666667 3.898861 8.000000 0.333333 0.974715 9.000000 0.333333 0.000000 
46,break_bond/phantom,-0.000002,proposer,9 2 3 ,,,,,,,,,,,,,,,
46,summary,0.000000,,,,0.000003,4 8 ,,0.000000,-1.000000,0.790652,0.020510,0.403159,0.306074,0.584615,0 1 2 3 4 5 6 7 8 9 ,0 1 2 3 4 5 6 7 8 ,0.700000,0.000000 1.000000 3.898861 1.000000 1.000000 3.898861 2.000000 0.666667 2.924146 3.000000 0.666667 1.949431 4.000000 0.333333 0.974715 5.000000 1.000000 2.924146 6.000000 1.000000 2.924146 7.000000 0.666667 3.898861 8.000000 0.333333 0.974715 9.000000 0.333333 0.000000 
47,break_bond/phantom,-0.000001,proposer,9 4 6 ,,,,,,,,,,,,,,,
47,summary,0.000000,,,,0.000002,4 8 ,,0.000000,-1.000000,0.790652,0.020510,0.403159,0.306074,0.584615,0 1 2 3 4 5 6 7 8 9 ,0 1 2 3 4 5 6 7 8 ,0.700000,0.000000 1.000000 3.898861 1.000000 1.000000 3.898861 2.000000 0.666667 2.924146 3.000000 0.666667 1.949431 4.000000 0.333333 0.974715 5.000000 1.000000 2.924146 6.000000 1.000000 2.924146 7.000000 0.666667 3.898861 8.000000 0.333333 0.974715 9.000000 0.333333 0.000000 
48,break_bond/phantom,-0.000001,proposer,9 0 1 ,,,,,,,,,,,,,,,
48,summary,0.000000,,,,0.000001,4 8 ,,0.000000,-1.000000,0.790652,0.020510,0.403159,0.306074,0.584615,0 1 2 3 4 5 6 7 8 9 ,0 1 2 3 4 5 6 7 8 ,0.700000,0.000000 1.000000 3.898861 1.000000 1.000000 3.898861 2.000000 0.666667 2.924146 3.000000 0.666667 1.949431 4.000000 0.333333 0.974715 5.000000 1.000000 2.924146 6.000000 1.000000 2.924146 7.000000 0.666667 3.898861 8.000000 0.333333 0.974715 9.000000 0.333333 0.000000 
49,break_bond/phantom,-0.000000,proposer,9 2 7 ,,,,,,,,,,,,,,,
49,summary,0.000000,,,,0.000001,4 8 ,,0.000000,-1.000000,0.790652,0.020510,0.403159,0.306074,0.584615,0 1 2 3 4 5 6 7 8 9 ,0 1 2 3 4 5 6 7 8 ,0.700000,0.000000 1.000000 3.898861 1.000000 1.000000 3.898861 2.000000 0.666667 2.924146 3.000000 0.666667 1.949431 4.000000 0.333333 0.974715 5.000000 1.000000 2.924146 6.000000 1.000000 2.924146 7.000000 0.666667 3.898861 8.000000 0.333333 0.974715 9.000000 0.333333 0.000000 
50,break_bond/phantom,-0.000000,proposer,9 3 8 ,,,,,,,,,,,,,,,
50,summary,0.000000,,,,0.000000,4 8 ,,0.000000,-1.000000,0.790652,0.020510,0.403159,0.306074,0.584615,0 1 2 3 4 5 6 7 8 9 ,0 1 2 3 4 5 6 7 8 ,0.700000,0.000000 1.000000 3.898861 1.000000 1.000000 3.898861 2.000000 0.666667 2.924146 3.000000 0.666667 1.949431 4.000000 0.333333 0.974715 5.000000 1.000000 2.924146 6.000000 1.000000 2.924146 7.000000 0.666667 3.898861 8.000000 0.333333 0.974715 9.000000 0.333333 0.000000 
51,break_bond/phantom,-0.000000,proposer,9 0 1 ,,,,,,,,,,,,,,,
51,summary,0.000000,,,,0.000000,4 8 ,,0.000000,-1.000000,0.790652,0.020510,0.403159,0.306074,0.584615,0 1 2 3 4 5 6 7 8 9 ,0 1 2 3 4 5 6 7 8 ,0.700000,0.000000 1.000000 3.898861 1.000000 1.000000 3.898861 2.000000 0.666667 2.924146 3.000000 0.666667 1.949431 4.000000 0.333333 0.974715 5.000000 1.000000 2.924146 6.000000 1.000000 2.924146 7.000000 0.666667 3.898861 8.000000 0.333333 0.974715 9.000000 0.333333 0.000000 
52,break_bond/phantom,-0.000000,proposer,9 2 7 ,,,,,,,,,,,,,,,
52,summary,0.000000,,,,0.000000,4 8 ,,0.000000,-1.000000,0.790652,0.020510,0.403159,0.306074,0.631579,0 1 2 3 4 5 6 7 8 9 ,0 1 2 3 4 5 6 7 8 ,0.700000,0.000000 1.000000 3.898861 1.000000 1.000000 3.898861 2.000000 0.666667 2.924146 3.000000 0.666667 1.949431 4.000000 0.333333 0.974715 5.000000 1.000000 2.924146 6.000000 1.000000 2.924146 7.000000 0.666667 3.898861 8.000000 0.333333 0.974715 9.000000 0.333333 0.000000 
53,break_bond/phantom,-0.000000,proposer,9 0 5 ,,,,,,,,,,,,,,,
53,summary,0.000000,,,,0.000000,4 8 ,,0.000000,-1.000000,0.790652,0.020510,0.403159,0.306074,0.640000,0 1 2 3 4 5 6 7 8 9 ,0 1 2 3 4 5 6 7 8 ,0.700000,0.000000 1.000000 3.898861 1.000000 1.000000 3.898861 2.000000 0.666667 2.924146 3.000000 0.666667 1.949431 4.000000 0.333333 0.974715 5.000000 1.000000 2.924146 6.000000 1.000000 2.924146 7.000000 0.666667 3.898861 8.000000 0.333333 0.974715 9.000000 0.333333 0.000000 
54,break_bond/phantom,-0.000000,proposer,9 2 3 ,,,,,,,,,,,,,,,
54,summary,0.000000,,,,0.000000,4 8 ,,0.000000,-1.000000,0.790652,0.020510,0.403159,0.306074,0.848485,0 1 2 3 4 5 6 7 8 9 ,0 1 2 3 4 5 6 7 8 ,0.700000,0.000000 1.000000 3.898861 1.000000 1.000000 3.898861 2.000000 0.666667 2.924146 3.000000 0.666667 1.949431 4.000000 0.333333 0.974715 5.000000 1.000000 2.924146 6.000000 1.000000 2.924146 7.000000 0.666667 3.898861 8.000000 0.333333 0.974715 9.000000 0.333333 0.000000 
55,break_bond/phantom,-0.000000,proposer,9 4 6 ,,,,,,,,,,,,,,,
55,summary,0.000000,,,,0.000000,4 8 ,,0.000000,-1.000000,0.790652,0.020510,0.403159,0.306074,0.848485,0 1 2 3 4 5 6 7 8 9 ,0 1 2 3 4 5 6 7 8 ,0.700000,0.000000 1.000000 3.898861 1.000000 1.000000 3.898861 2.000000 0.666667 2.924146 3.000000 0.666667 1.949431 4.000000 0.333333 0.974715 5.000000 1.000000 2.924146 6.000000 1.000000 2.924146 7.000000 0.666667 3.898861 8.000000 0.333333 0.974715 9.000000 0.333333 0.000000 
56,break_bond/phantom,-0.000000,proposer,9 3 8 ,,,,,,,,,,,,,,,
56,summary,0.000000,,,,0.000000,4 8 ,,0.000000,-1.000000,0.790652,0.020510,0.403159,0.306074,0.848485,0 1 2 3 4 5 6 7 8 9 ,0 1 2 3 4 5 6 7 8 ,0.700000,0.000000 1.000000 3.898861 1.000000 1.000000 3.898861 2.000000 0.666667 2.924146 3.000000 0.666667 1.949431 4.000000 0.333333 0.974715 5.000000 1.000000 2.924146 6.000000 1.000000 2.924146 7.000000 0.666667 3.898861 8.000000 0.333333 0.974715 9.000000 0.333333 0.000000 
57,break_bond/phantom,-0.000000,proposer,9 0 1 ,,,,,,,,,,,,,,,
57,summary,0.000000,,,,0.000000,4 8 ,,0.000000,-1.000000,0.790652,0.020510,0.403159,0.306074,1.000000,0 1 2 3 4 5 6 7 8 9 ,0 1 2 3 4 5 6 7 8 ,0.700000,0.000000 1.000000 3.898861 1.000000 1.000000 3.898861 2.000000 0.666667 2.924146 3.000000 0.666667 1.949431 4.000000 0.333333 0.974715 5.000000 1.000000 2.924146 6.000000 1.000000 2.924146 7.000000 0.666667 3.898861 8.000000 0.333333 0.974715 9.000000 0.333333 0.000000 
58,break_bond/phantom,-0.000000,proposer,9 2 7 ,,,,,,,,,,,,,,,
58,summary,0.000000,,,,0.000000,4 8 ,,0.000000,-1.000000,0.790652,0.020510,0.403159,0.306074,1.000000,0 1 2 3 4 5 6 7 8 9 ,0 1 2 3 4 5 6 7 8 ,0.700000,0.000000 1.000000 3.898861 1.000000 1.000000 3.898861 2.000000 0.666667 2.924146 3.000000 0.666667 1.949431 4.000000 0.333333 0.974715 5.000000 1.000000 2.924146 6.000000 1.000000 2.924146 7.000000 0.666667 3.898861 8.000000 0.333333 0.974715 9.000000 0.333333 0.000000 
