time,event_type,impact,role,nodes,responses,currency,neighbors,contracts,transmission,cfAcceptanceRate,competition,greed,negotiation,growth,nodeRank,knownNodes,competitors,numPathsRatio,pathsInfo
21931,summary,0.000000,,,,100.000000,2 4 8 ,,-1.000000,-1.000000,0.586551,0.631635,0.613860,0.411339,1.000000,2 4 8 ,,0.000000,2.000000 0.000000 0.000000 4.000000 0.000000 0.000000 8.000000 0.000000 0.000000 
1,summary,0.000000,,,,100.000000,2 4 8 ,,-1.000000,-1.000000,0.586551,0.631635,0.613860,0.411339,1.000000,2 4 8 ,,0.000000,2.000000 0.000000 0.000000 4.000000 0.000000 0.000000 8.000000 0.000000 0.000000 
2,summary,0.000000,,,,100.000000,2 4 8 ,,-1.000000,-1.000000,0.586551,0.631635,0.613860,0.411339,1.000000,2 4 8 ,,0.000000,2.000000 0.000000 0.000000 4.000000 0.000000 0.000000 8.000000 0.000000 0.000000 
3,summary,0.000000,,,,100.000000,2 4 8 ,,-1.000000,-1.000000,0.586551,0.631635,0.613860,0.411339,1.000000,2 4 8 ,,0.000000,2.000000 0.000000 0.000000 4.000000 0.000000 0.000000 8.000000 0.000000 0.000000 
4,summary,0.000000,,,,100.000000,2 4 8 ,,-1.000000,-1.000000,0.586551,0.631635,0.613860,0.411339,1.000000,2 4 8 ,,0.000000,2.000000 0.000000 0.000000 4.000000 0.000000 0.000000 8.000000 0.000000 0.000000 
5,summary,0.000000,,,,100.000000,2 4 8 ,,-1.000000,-1.000000,0.586551,0.631635,0.613860,0.411339,1.000000,2 4 8 ,,0.000000,2.000000 0.000000 0.000000 4.000000 0.000000 0.000000 8.000000 0.000000 0.000000 
6,summary,0.000000,,,,100.000000,2 4 8 ,,-1.000000,-1.000000,0.586551,0.631635,0.613860,0.411339,1.000000,2 4 8 ,,0.000000,2.000000 0.000000 0.000000 4.000000 0.000000 0.000000 8.000000 0.000000 0.000000 
7,summary,0.000000,,,,100.000000,2 4 8 ,,-1.000000,-1.000000,0.586551,0.631635,0.613860,0.411339,1.000000,2 4 8 ,,0.000000,2.000000 0.000000 0.000000 4.000000 0.000000 0.000000 8.000000 0.000000 0.000000 
8,summary,0.000000,,,,100.000000,2 4 8 ,,-1.000000,-1.000000,0.586551,0.631635,0.613860,0.411339,1.000000,2 4 8 ,,0.000000,2.000000 0.000000 0.000000 4.000000 0.000000 0.000000 8.000000 0.000000 0.000000 
9,summary,0.000000,,,,100.000000,2 4 8 ,,-1.000000,-1.000000,0.586551,0.631635,0.613860,0.411339,1.000000,2 4 8 ,,0.000000,2.000000 0.000000 0.000000 4.000000 0.000000 0.000000 8.000000 0.000000 0.000000 
10,summary,0.000000,,,,100.000000,2 4 8 ,,-1.000000,-1.000000,0.586551,0.631635,0.613860,0.411339,1.000000,2 4 8 ,,0.000000,2.000000 0.000000 0.000000 4.000000 0.000000 0.000000 8.000000 0.000000 0.000000 
11,summary,0.000000,,,,100.000000,2 4 8 ,,-1.000000,-1.000000,0.586551,0.631635,0.613860,0.411339,1.000000,2 4 8 ,,0.000000,2.000000 0.000000 0.000000 4.000000 0.000000 0.000000 8.000000 0.000000 0.000000 
12,discovery,-20.000000,,,,,,,,,,,,,,,,,
12,cf tax,0.892160,,2 ,,,,,,,,,,,,,,,
12,summary,0.000000,,,,81.784317,2 4 8 ,,-1.000000,-1.000000,0.586551,0.631635,0.613860,0.411339,1.000000,2 4 8 ,,0.533333,0.000000 0.333333 2.459891 1.000000 0.333333 1.675935 2.000000 0.333333 1.000000 3.000000 0.333333 0.000000 4.000000 1.000000 2.263385 5.000000 1.000000 2.553510 6.000000 1.000000 2.553510 7.000000 0.333333 1.783956 8.000000 0.333333 0.891978 9.000000 0.333333 1.697539 
13,break_bond/phantom,-63.816303,proposer,3 0 1 ,0 0,,,,,,,,,,,,,,
13,summary,0.000000,,,,17.968014,2 4 8 ,,1.000000,-1.000000,0.586551,0.631635,0.613860,0.411339,1.000000,0 1 2 3 4 5 6 7 8 9 ,0 1 5 6 7 9 ,0.533333,0.000000 0.333333 2.459891 1.000000 0.333333 1.675935 2.000000 0.333333 1.000000 3.000000 0.333333 0.000000 4.000000 1.000000 2.263385 5.000000 1.000000 2.553510 6.000000 1.000000 2.553510 7.000000 0.333333 1.783956 8.000000 0.333333 0.891978 9.000000 0.333333 1.697539 
14,cf tax,0.214599,,2 ,,,,,,,,,,,,,,,
14,break_bond/phantom,0.000000,sender,7 3 4 ,3 0,,,,,,,,,,,,,,
14,break_bond/phantom,-14.073865,proposer,3 1 2 ,1 0,,,,,,,,,,,,,,
14,make_bond/direct,0.000000,receiver,6 6 3 ,3 0,,,,,,,,,,,,,,
14,summary,0.000000,,,,4.323344,2 4 8 ,,1.000000,0.000000,0.586551,0.631635,0.613860,0.411339,1.000000,0 1 2 3 4 5 6 7 8 9 ,0 1 5 6 7 9 ,0.533333,0.000000 0.333333 2.459891 1.000000 0.333333 1.675935 2.000000 0.333333 1.000000 3.000000 0.333333 0.000000 4.000000 1.000000 2.263385 5.000000 1.000000 2.553510 6.000000 1.000000 2.553510 7.000000 0.333333 1.783956 8.000000 0.333333 0.891978 9.000000 0.333333 1.697539 
15,cf tax,0.048380,,2 ,,,,,,,,,,,,,,,
15,cf tax,0.003579,,4 ,,,,,,,,,,,,,,,
15,cf tax,0.774527,,2 ,,,,,,,,,,,,,,,
15,break_bond/phantom,-3.315078,proposer,3 2 7 ,2 0,,,,,,,,,,,,,,
15,summary,0.000000,,,,2.661238,2 4 8 ,,1.000000,-1.000000,0.586551,0.631635,0.613860,0.411339,1.000000,0 1 2 3 4 5 6 7 8 9 ,0 1 5 6 7 9 ,0.533333,0.000000 0.333333 2.459891 1.000000 0.333333 1.675935 2.000000 0.333333 1.000000 3.000000 0.333333 0.000000 4.000000 1.000000 2.263385 5.000000 1.000000 2.553510 6.000000 1.000000 2.553510 7.000000 0.333333 1.783956 8.000000 0.333333 0.891978 9.000000 0.333333 1.697539 
16,cf tax,3.917946,,2 ,,,,,,,,,,,,,,,
16,cf tax,0.166745,,2 ,,,,,,,,,,,,,,,
16,cf tax,1.533260,,2 ,,,,,,,,,,,,,,,
16,break_bond/phantom,-8.285423,proposer,3 1 2 ,1 0,,,,,,,,,,,,,,
16,summary,0.000000,,,,5.611716,2 4 8 ,,1.000000,-1.000000,0.586551,0.631635,0.613860,0.411339,1.000000,0 1 2 3 4 5 6 7 8 9 ,0 1 5 6 7 9 ,0.533333,0.000000 0.333333 2.459891 1.000000 0.333333 1.675935 2.000000 0.333333 1.000000 3.000000 0.333333 0.000000 4.000000 1.000000 2.263385 5.000000 1.000000 2.553510 6.000000 1.000000 2.553510 7.000000 0.333333 1.783956 8.000000 0.333333 0.891978 9.000000 0.333333 1.697539 
17,cf tax,0.078973,,2 ,,,,,,,,,,,,,,,
17,break_bond/phantom,0.000000,sender,7 3 4 ,3 0,,,,,,,,,,,,,,
17,break_bond/phantom,-4.327247,proposer,3 4 6 ,,,,,,,,,,,,,,,
17,summary,0.000000,,,,1.442415,2 4 8 ,,0.000000,0.000000,0.586551,0.631635,0.613860,0.411339,1.000000,0 1 2 3 4 5 6 7 8 9 ,0 1 5 6 7 9 ,0.533333,0.000000 0.333333 2.459891 1.000000 0.333333 1.675935 2.000000 0.333333 1.000000 3.000000 0.333333 0.000000 4.000000 1.000000 2.263385 5.000000 1.000000 2.553510 6.000000 1.000000 2.553510 7.000000 0.333333 1.783956 8.000000 0.333333 0.891978 9.000000 0.333333 1.697539 
18,cf tax,5.920485,,2 ,,,,,,,,,,,,,,,
18,break_bond/phantom,0.000000,sender,1 3 4 ,3 0,,,,,,,,,,,,,,
18,break_bond/phantom,0.000000,sender,2 3 4 ,3 0,,,,,,,,,,,,,,
18,break_bond/phantom,-1.081811,proposer,3 5 8 ,,,,,,,,,,,,,,,
18,summary,0.000000,,,,12.201572,2 4 8 ,,0.000000,0.000000,0.586551,0.631635,0.613860,0.411339,1.000000,0 1 2 3 4 5 6 7 8 9 ,0 1 5 6 7 9 ,0.533333,0.000000 0.333333 2.459891 1.000000 0.333333 1.675935 2.000000 0.333333 1.000000 3.000000 0.333333 0.000000 4.000000 1.000000 2.263385 5.000000 1.000000 2.553510 6.000000 1.000000 2.553510 7.000000 0.333333 1.783956 8.000000 0.333333 0.891978 9.000000 0.333333 1.697539 
19,cf tax,12.475513,,2 ,,,,,,,,,,,,,,,
19,cf tax,0.700491,,2 ,,,,,,,,,,,,,,,
19,break_bond/phantom,-30.083361,proposer,3 0 1 ,,,,,,,,,,,,,,,
19,summary,0.000000,,,,8.470221,2 4 8 ,,0.000000,-1.000000,0.586551,0.631635,0.613860,0.411339,1.000000,0 1 2 3 4 5 6 7 8 9 ,0 1 5 6 7 9 ,0.533333,0.000000 0.333333 2.459891 1.000000 0.333333 1.675935 2.000000 0.333333 1.000000 3.000000 0.333333 0.000000 4.000000 1.000000 2.263385 5.000000 1.000000 2.553510 6.000000 1.000000 2.553510 7.000000 0.333333 1.783956 8.000000 0.333333 0.891978 9.000000 0.333333 1.697539 
20,break_bond/phantom,0.000000,sender,1 3 8 ,3 0,,,,,,,,,,,,,,
20,break_bond/phantom,0.000000,sender,2 3 4 ,3 0,,,,,,,,,,,,,,
20,break_bond/phantom,0.000000,sender,7 3 4 ,3 0,,,,,,,,,,,,,,
20,break_bond/phantom,-6.479719,proposer,3 1 2 ,1 0,,,,,,,,,,,,,,
20,summary,0.000000,,,,1.990502,2 4 8 ,,1.000000,0.000000,0.586551,0.631635,0.613860,0.411339,1.000000,0 1 2 3 4 5 6 7 8 9 ,0 1 5 6 7 9 ,0.533333,0.000000 0.333333 2.459891 1.000000 0.333333 1.675935 2.000000 0.333333 1.000000 3.000000 0.333333 0.000000 4.000000 1.000000 2.263385 5.000000 1.000000 2.553510 6.000000 1.000000 2.553510 7.000000 0.333333 1.783956 8.000000 0.333333 0.891978 9.000000 0.333333 1.697539 
21,break_bond/phantom,0.000000,sender,2 3 8 ,3 0,,,,,,,,,,,,,,
21,break_bond/phantom,-1.492876,proposer,3 2 7 ,2 0,,,,,,,,,,,,,,
21,summary,0.000000,,,,0.497625,2 4 8 ,,1.000000,0.000000,0.586551,0.631635,0.613860,0.411339,1.000000,0 1 2 3 4 5 6 7 8 9 ,0 1 5 6 7 9 ,0.533333,0.000000 0.333333 2.459891 1.000000 0.333333 1.675935 2.000000 0.333333 1.000000 3.000000 0.333333 0.000000 4.000000 1.000000 2.263385 5.000000 1.000000 2.553510 6.000000 1.000000 2.553510 7.000000 0.333333 1.783956 8.000000 0.333333 0.891978 9.000000 0.333333 1.697539 
22,cf tax,17.946198,,2 ,,,,,,,,,,,,,,,
22,cf tax,0.723513,,2 ,,,,,,,,,,,,,,,
22,break_bond/phantom,0.000000,sender,7 3 4 ,3 0,,,,,,,,,,,,,,
22,break_bond/phantom,-28.945345,proposer,3 1 2 ,1 0,,,,,,,,,,,,,,
22,summary,0.000000,,,,8.891706,2 4 8 ,,1.000000,0.000000,0.586551,0.631635,0.613860,0.411339,1.000000,0 1 2 3 4 5 6 7 8 9 ,0 1 5 6 7 9 ,0.533333,0.000000 0.333333 2.459891 1.000000 0.333333 1.675935 2.000000 0.333333 1.000000 3.000000 0.333333 0.000000 4.000000 1.000000 2.263385 5.000000 1.000000 2.553510 6.000000 1.000000 2.553510 7.000000 0.333333 1.783956 8.000000 0.333333 0.891978 9.000000 0.333333 1.697539 
23,break_bond/phantom,0.000000,sender,1 3 4 ,3 0,,,,,,,,,,,,,,
23,break_bond/phantom,0.000000,sender,2 3 4 ,3 0,,,,,,,,,,,,,,
23,break_bond/phantom,0.000000,sender,7 3 8 ,3 0,,,,,,,,,,,,,,
23,break_bond/phantom,-6.668780,proposer,3 2 7 ,2 0,,,,,,,,,,,,,,
23,summary,0.000000,,,,2.222927,2 4 8 ,,1.000000,0.000000,0.586551,0.631635,0.613860,0.411339,1.000000,0 1 2 3 4 5 6 7 8 9 ,0 1 5 6 7 9 ,0.533333,0.000000 0.333333 2.459891 1.000000 0.333333 1.675935 2.000000 0.333333 1.000000 3.000000 0.333333 0.000000 4.000000 1.000000 2.263385 5.000000 1.000000 2.553510 6.000000 1.000000 2.553510 7.000000 0.333333 1.783956 8.000000 0.333333 0.891978 9.000000 0.333333 1.697539 
24,cf tax,352.666534,,2 ,,,,,,,,,,,,,,,
24,break_bond/phantom,-1.667195,proposer,3 4 6 ,,,,,,,,,,,,,,,
24,summary,0.000000,,,,705.888855,2 4 8 ,,0.000000,-1.000000,0.586551,0.631635,0.613860,0.411339,1.000000,0 1 2 3 4 5 6 7 8 9 ,0 1 5 6 7 9 ,0.533333,0.000000 0.333333 2.459891 1.000000 0.333333 1.675935 2.000000 0.333333 1.000000 3.000000 0.333333 0.000000 4.000000 1.000000 2.263385 5.000000 1.000000 2.553510 6.000000 1.000000 2.553510 7.000000 0.333333 1.783956 8.000000 0.333333 0.891978 9.000000 0.333333 1.697539 
25,cf tax,12.222391,,2 ,,,,,,,,,,,,,,,
25,break_bond/phantom,0.000000,sender,2 3 4 ,3 0,,,,,,,,,,,,,,
25,break_bond/phantom,0.000000,sender,7 3 4 ,3 0,,,,,,,,,,,,,,
25,break_bond/phantom,-558.705261,proposer,3 1 2 ,1 0,,,,,,,,,,,,,,
25,summary,0.000000,,,,171.628418,2 4 8 ,,1.000000,0.000000,0.586551,0.631635,0.613860,0.411339,1.000000,0 1 2 3 4 5 6 7 8 9 ,0 1 5 6 7 9 ,0.533333,0.000000 0.333333 2.459891 1.000000 0.333333 1.675935 2.000000 0.333333 1.000000 3.000000 0.333333 0.000000 4.000000 1.000000 2.263385 5.000000 1.000000 2.553510 6.000000 1.000000 2.553510 7.000000 0.333333 1.783956 8.000000 0.333333 0.891978 9.000000 0.333333 1.697539 
26,break_bond/phantom,-128.721313,proposer,3 4 6 ,,,,,,,,,,,,,,,
26,break_bond/phantom,0.000000,sender,7 3 8 ,3 0,,,,,,,,,,,,,,
26,summary,0.000000,,,,42.907104,2 4 8 ,,0.000000,0.000000,0.586551,0.631635,0.613860,0.411339,1.000000,0 1 2 3 4 5 6 7 8 9 ,0 1 5 6 7 9 ,0.533333,0.000000 0.333333 2.459891 1.000000 0.333333 1.675935 2.000000 0.333333 1.000000 3.000000 0.333333 0.000000 4.000000 1.000000 2.263385 5.000000 1.000000 2.553510 6.000000 1.000000 2.553510 7.000000 0.333333 1.783956 8.000000 0.333333 0.891978 9.000000 0.333333 1.697539 
27,break_bond/phantom,0.000000,sender,1 3 4 ,3 0,,,,,,,,,,,,,,
27,break_bond/phantom,0.000000,sender,7 3 4 ,3 0,,,,,,,,,,,,,,
27,summary,0.000000,,,,42.907104,2 4 8 ,,-1.000000,0.000000,0.586551,0.631635,0.613860,0.411339,1.000000,0 1 2 3 4 5 6 7 8 9 ,0 1 5 6 7 9 ,0.533333,0.000000 0.333333 2.459891 1.000000 0.333333 1.675935 2.000000 0.333333 1.000000 3.000000 0.333333 0.000000 4.000000 1.000000 2.263385 5.000000 1.000000 2.553510 6.000000 1.000000 2.553510 7.000000 0.333333 1.783956 8.000000 0.333333 0.891978 9.000000 0.333333 1.697539 
28,cf tax,287.945007,,2 ,,,,,,,,,,,,,,,
28,break_bond/phantom,0.000000,sender,1 3 4 ,3 0,,,,,,,,,,,,,,
28,break_bond/phantom,-482.847382,proposer,3 0 1 ,,,,,,,,,,,,,,,
28,summary,0.000000,,,,135.949738,2 4 8 ,,0.000000,0.000000,0.586551,0.631635,0.613860,0.411339,1.000000,0 1 2 3 4 5 6 7 8 9 ,0 1 5 6 7 9 ,0.533333,0.000000 0.333333 2.459891 1.000000 0.333333 1.675935 2.000000 0.333333 1.000000 3.000000 0.333333 0.000000 4.000000 1.000000 2.263385 5.000000 1.000000 2.553510 6.000000 1.000000 2.553510 7.000000 0.333333 1.783956 8.000000 0.333333 0.891978 9.000000 0.333333 1.697539 
29,break_bond/phantom,0.000000,sender,2 3 4 ,3 0,,,,,,,,,,,,,,
29,break_bond/phantom,-101.962303,proposer,3 2 7 ,2 0,,,,,,,,,,,,,,
29,summary,0.000000,,,,33.987434,2 4 8 ,,1.000000,0.000000,0.586551,0.631635,0.613860,0.411339,1.000000,0 1 2 3 4 5 6 7 8 9 ,0 1 5 6 7 9 ,0.533333,0.000000 0.333333 2.459891 1.000000 0.333333 1.675935 2.000000 0.333333 1.000000 3.000000 0.333333 0.000000 4.000000 1.000000 2.263385 5.000000 1.000000 2.553510 6.000000 1.000000 2.553510 7.000000 0.333333 1.783956 8.000000 0.333333 0.891978 9.000000 0.333333 1.697539 
30,cf tax,548731.250000,,2 ,,,,,,,,,,,,,,,
30,break_bond/phantom,-25.490576,proposer,3 4 6 ,,,,,,,,,,,,,,,
30,summary,0.000000,,,,1097471.000000,2 4 8 ,,0.000000,-1.000000,0.586551,0.631635,0.613860,0.411339,1.000000,0 1 2 3 4 5 6 7 8 9 ,0 1 5 6 7 9 ,0.533333,0.000000 0.333333 2.459891 1.000000 0.333333 1.675935 2.000000 0.333333 1.000000 3.000000 0.333333 0.000000 4.000000 1.000000 2.263385 5.000000 1.000000 2.553510 6.000000 1.000000 2.553510 7.000000 0.333333 1.783956 8.000000 0.333333 0.891978 9.000000 0.333333 1.697539 
31,cf tax,59405.410156,,2 ,,,,,,,,,,,,,,,
31,break_bond/phantom,0.000000,sender,1 3 4 ,3 0,,,,,,,,,,,,,,
31,break_bond/phantom,0.000000,sender,7 3 4 ,3 0,,,,,,,,,,,,,,
31,break_bond/phantom,-930455.562500,proposer,3 1 2 ,1 0,,,,,,,,,,,,,,
31,summary,0.000000,,,,285826.187500,2 4 8 ,,1.000000,0.000000,0.586551,0.631635,0.613860,0.411339,1.000000,0 1 2 3 4 5 6 7 8 9 ,0 1 5 6 7 9 ,0.533333,0.000000 0.333333 2.459891 1.000000 0.333333 1.675935 2.000000 0.333333 1.000000 3.000000 0.333333 0.000000 4.000000 1.000000 2.263385 5.000000 1.000000 2.553510 6.000000 1.000000 2.553510 7.000000 0.333333 1.783956 8.000000 0.333333 0.891978 9.000000 0.333333 1.697539 
32,cf tax,381906.312500,,2 ,,,,,,,,,,,,,,,
32,break_bond/phantom,0.000000,sender,7 3 8 ,3 0,,,,,,,,,,,,,,
32,break_bond/phantom,-787229.062500,proposer,3 2 7 ,2 0,,,,,,,,,,,,,,
32,summary,0.000000,,,,262409.687500,2 4 8 ,,1.000000,0.000000,0.586551,0.631635,0.613860,0.411339,1.000000,0 1 2 3 4 5 6 7 8 9 ,0 1 5 6 7 9 ,0.533333,0.000000 0.333333 2.459891 1.000000 0.333333 1.675935 2.000000 0.333333 1.000000 3.000000 0.333333 0.000000 4.000000 1.000000 2.263385 5.000000 1.000000 2.553510 6.000000 1.000000 2.553510 7.000000 0.333333 1.783956 8.000000 0.333333 0.891978 9.000000 0.333333 1.697539 
33,cf tax,115844160.000000,,2 ,,,,,,,,,,,,,,,
33,break_bond/phantom,-196807.265625,proposer,3 4 9 ,,,,,,,,,,,,,,,
33,summary,0.000000,,,,231753920.000000,2 4 8 ,,0.000000,-1.000000,0.586551,0.631635,0.613860,0.411339,1.000000,0 1 2 3 4 5 6 7 8 9 ,0 1 5 6 7 9 ,0.533333,0.000000 0.333333 2.459891 1.000000 0.333333 1.675935 2.000000 0.333333 1.000000 3.000000 0.333333 0.000000 4.000000 1.000000 2.263385 5.000000 1.000000 2.553510 6.000000 1.000000 2.553510 7.000000 0.333333 1.783956 8.000000 0.333333 0.891978 9.000000 0.333333 1.697539 
34,break_bond/phantom,0.000000,sender,1 3 8 ,3 0,,,,,,,,,,,,,,
34,break_bond/phantom,-180837584.000000,proposer,3 0 1 ,,,,,,,,,,,,,,,
34,summary,0.000000,,,,50916336.000000,2 4 8 ,,0.000000,0.000000,0.586551,0.631635,0.613860,0.411339,1.000000,0 1 2 3 4 5 6 7 8 9 ,0 1 5 6 7 9 ,0.533333,0.000000 0.333333 2.459891 1.000000 0.333333 1.675935 2.000000 0.333333 1.000000 3.000000 0.333333 0.000000 4.000000 1.000000 2.263385 5.000000 1.000000 2.553510 6.000000 1.000000 2.553510 7.000000 0.333333 1.783956 8.000000 0.333333 0.891978 9.000000 0.333333 1.697539 
35,break_bond/phantom,0.000000,sender,2 3 4 ,3 0,,,,,,,,,,,,,,
35,break_bond/phantom,0.000000,sender,7 3 4 ,3 0,,,,,,,,,,,,,,
35,break_bond/phantom,-38950996.000000,proposer,3 1 2 ,1 0,,,,,,,,,,,,,,
35,summary,0.000000,,,,11965340.000000,2 4 8 ,,1.000000,0.000000,0.586551,0.631635,0.613860,0.411339,1.000000,0 1 2 3 4 5 6 7 8 9 ,0 1 5 6 7 9 ,0.533333,0.000000 0.333333 2.459891 1.000000 0.333333 1.675935 2.000000 0.333333 1.000000 3.000000 0.333333 0.000000 4.000000 1.000000 2.263385 5.000000 1.000000 2.553510 6.000000 1.000000 2.553510 7.000000 0.333333 1.783956 8.000000 0.333333 0.891978 9.000000 0.333333 1.697539 
36,break_bond/phantom,-8974005.000000,proposer,3 4 9 ,,,,,,,,,,,,,,,
36,summary,0.000000,,,,2991335.000000,2 4 8 ,,0.000000,-1.000000,0.586551,0.631635,0.613860,0.411339,1.000000,0 1 2 3 4 5 6 7 8 9 ,0 1 5 6 7 9 ,0.533333,0.000000 0.333333 2.459891 1.000000 0.333333 1.675935 2.000000 0.333333 1.000000 3.000000 0.333333 0.000000 4.000000 1.000000 2.263385 5.000000 1.000000 2.553510 6.000000 1.000000 2.553510 7.000000 0.333333 1.783956 8.000000 0.333333 0.891978 9.000000 0.333333 1.697539 
37,cf tax,1433861632.000000,,2 ,,,,,,,,,,,,,,,
37,break_bond/phantom,0.000000,sender,2 3 4 ,3 0,,,,,,,,,,,,,,
37,break_bond/phantom,0.000000,sender,7 3 4 ,3 0,,,,,,,,,,,,,,
37,break_bond/phantom,-2196096768.000000,proposer,3 1 2 ,1 0,,,,,,,,,,,,,,
37,summary,0.000000,,,,674617856.000000,2 4 8 ,,1.000000,0.000000,0.586551,0.631635,0.613860,0.411339,1.000000,0 1 2 3 4 5 6 7 8 9 ,0 1 5 6 7 9 ,0.533333,0.000000 0.333333 2.459891 1.000000 0.333333 1.675935 2.000000 0.333333 1.000000 3.000000 0.333333 0.000000 4.000000 1.000000 2.263385 5.000000 1.000000 2.553510 6.000000 1.000000 2.553510 7.000000 0.333333 1.783956 8.000000 0.333333 0.891978 9.000000 0.333333 1.697539 
38,discovery,-8.581421,,,,,,,,,,,,,,,,,
38,break_bond/phantom,0.000000,sender,7 3 8 ,3 0,,,,,,,,,,,,,,
38,break_bond/phantom,-505963392.000000,proposer,3 2 7 ,2 0,,,,,,,,,,,,,,
38,summary,0.000000,,,,168654464.000000,2 4 8 ,,1.000000,0.000000,0.586551,0.631635,0.613860,0.411339,1.000000,0 1 2 3 4 5 6 7 8 9 ,0 1 5 6 7 9 ,0.566667,0.000000 0.666667 2.005727 1.000000 0.333333 1.675935 2.000000 0.333333 1.000000 3.000000 0.333333 0.000000 4.000000 1.000000 2.263385 5.000000 1.000000 2.553510 6.000000 1.000000 2.553510 7.000000 0.333333 1.783956 8.000000 0.333333 0.891978 9.000000 0.333333 1.697539 
39,cf tax,3516117286912.000000,,2 ,,,,,,,,,,,,,,,
39,break_bond/phantom,-126490848.000000,proposer,3 4 6 ,,,,,,,,,,,,,,,
39,break_bond/phantom,0.000000,sender,2 3 8 ,3 1,,,,,,,,,,,,,,
39,summary,0.000000,,,,7032276516864.000000,2 4 8 ,,0.000000,1.000000,0.586551,0.631635,0.613860,0.411339,1.000000,0 1 2 3 4 5 6 7 8 9 ,0 1 2 4 5 6 7 8 9 ,0.566667,0.000000 0.666667 2.005727 1.000000 0.333333 1.675935 2.000000 0.333333 1.000000 3.000000 0.333333 0.000000 4.000000 1.000000 2.263385 5.000000 1.000000 2.553510 6.000000 1.000000 2.553510 7.000000 0.333333 1.783956 8.000000 0.333333 0.891978 9.000000 0.333333 1.697539 
40,break_bond/phantom,-5379691380736.000000,proposer,3 0 1 ,,,,,,,,,,,,,,,
40,break_bond/phantom,0.000000,sender,1 3 4 ,3 1,,,,,,,,,,,,,,
40,break_bond/phantom,0.000000,sender,7 3 4 ,3 1,,,,,,,,,,,,,,
40,summary,0.000000,,,,1652585136128.000000,2 4 8 ,,0.000000,1.000000,0.586551,0.631635,0.613860,0.411339,1.000000,0 1 2 3 4 5 6 7 8 9 ,0 1 2 4 5 6 7 8 9 ,0.566667,0.000000 0.666667 2.005727 1.000000 0.333333 1.675935 2.000000 0.333333 1.000000 3.000000 0.333333 0.000000 4.000000 1.000000 2.263385 5.000000 1.000000 2.553510 6.000000 1.000000 2.553510 7.000000 0.333333 1.783956 8.000000 0.333333 0.891978 9.000000 0.333333 1.697539 
41,cf tax,2459400667136.000000,,2 ,,,,,,,,,,,,,,,
41,break_bond/phantom,-5027110846464.000000,proposer,3 1 2 ,1 0,,,,,,,,,,,,,,
41,break_bond/phantom,0.000000,sender,7 3 8 ,3 1,,,,,,,,,,,,,,
41,summary,0.000000,,,,1544275623936.000000,2 4 8 ,,0.500000,1.000000,0.586551,0.631635,0.613860,0.411339,1.000000,0 1 2 3 4 5 6 7 8 9 ,0 1 2 4 5 6 7 8 9 ,0.566667,0.000000 0.666667 2.005727 1.000000 0.333333 1.675935 2.000000 0.333333 1.000000 3.000000 0.333333 0.000000 4.000000 1.000000 2.263385 5.000000 1.000000 2.553510 6.000000 1.000000 2.553510 7.000000 0.333333 1.783956 8.000000 0.333333 0.891978 9.000000 0.333333 1.697539 
42,cf tax,721124405018624.000000,,2 ,,,,,,,,,,,,,,,
42,break_bond/phantom,-1158206717952.000000,proposer,3 2 7 ,2 0,,,,,,,,,,,,,,
42,break_bond/phantom,0.000000,sender,2 3 4 ,3 1,,,,,,,,,,,,,,
42,summary,0.000000,,,,1442634820222976.000000,2 4 8 ,,0.500000,1.000000,0.586551,0.631635,0.613860,0.411339,1.000000,0 1 2 3 4 5 6 7 8 9 ,0 1 2 4 5 6 7 8 9 ,0.566667,0.000000 0.666667 2.005727 1.000000 0.333333 1.675935 2.000000 0.333333 1.000000 3.000000 0.333333 0.000000 4.000000 1.000000 2.263385 5.000000 1.000000 2.553510 6.000000 1.000000 2.553510 7.000000 0.333333 1.783956 8.000000 0.333333 0.891978 9.000000 0.333333 1.697539 
43,cf tax,82555613216768.000000,,2 ,,,,,,,,,,,,,,,
43,break_bond/phantom,-1229925759582208.000000,proposer,3 0 1 ,,,,,,,,,,,,,,,
43,break_bond/phantom,0.000000,sender,1 3 8 ,3 1,,,,,,,,,,,,,,
43,summary,0.000000,,,,377820219965440.000000,2 4 8 ,,0.000000,1.000000,0.586551,0.631635,0.613860,0.411339,1.000000,0 1 2 3 4 5 6 7 8 9 ,0 1 2 4 5 6 7 8 9 ,0.566667,0.000000 0.666667 2.005727 1.000000 0.333333 1.675935 2.000000 0.333333 1.000000 3.000000 0.333333 0.000000 4.000000 1.000000 2.263385 5.000000 1.000000 2.553510 6.000000 1.000000 2.553510 7.000000 0.333333 1.783956 8.000000 0.333333 0.891978 9.000000 0.333333 1.697539 
44,cf tax,15229355294720.000000,,2 ,,,,,,,,,,,,,,,
44,break_bond/phantom,-312333377208320.000000,proposer,3 1 2 ,1 0,,,,,,,,,,,,,,
44,summary,0.000000,,,,95945542860800.000000,2 4 8 ,,1.000000,-1.000000,0.586551,0.631635,0.613860,0.411339,1.000000,0 1 2 3 4 5 6 7 8 9 ,0 1 2 4 5 6 7 8 9 ,0.566667,0.000000 0.666667 2.005727 1.000000 0.333333 1.675935 2.000000 0.333333 1.000000 3.000000 0.333333 0.000000 4.000000 1.000000 2.263385 5.000000 1.000000 2.553510 6.000000 1.000000 2.553510 7.000000 0.333333 1.783956 8.000000 0.333333 0.891978 9.000000 0.333333 1.697539 
45,cf tax,125629897941975040.000000,,2 ,,,,,,,,,,,,,,,
45,break_bond/phantom,-71959157145600.000000,proposer,3 4 9 ,,,,,,,,,,,,,,,
45,break_bond/phantom,0.000000,sender,1 3 4 ,3 1,,,,,,,,,,,,,,
45,break_bond/phantom,0.000000,sender,2 3 4 ,3 1,,,,,,,,,,,,,,
45,summary,0.000000,,,,251283778981330944.000000,2 4 8 ,,0.000000,1.000000,0.586551,0.631635,0.613860,0.411339,1.000000,0 1 2 3 4 5 6 7 8 9 ,0 1 2 4 5 6 7 8 9 ,0.566667,0.000000 0.666667 2.005727 1.000000 0.333333 1.675935 2.000000 0.333333 1.000000 3.000000 0.333333 0.000000 4.000000 1.000000 2.263385 5.000000 1.000000 2.553510 6.000000 1.000000 2.553510 7.000000 0.333333 1.783956 8.000000 0.333333 0.891978 9.000000 0.333333 1.697539 
46,cf tax,3237676538920960.000000,,2 ,,,,,,,,,,,,,,,
46,cf tax,13899918624161792.000000,,2 ,,,,,,,,,,,,,,,
46,break_bond/phantom,-218452636653846528.000000,proposer,3 1 2 ,1 0,,,,,,,,,,,,,,
46,break_bond/phantom,0.000000,sender,7 3 4 ,3 1,,,,,,,,,,,,,,
46,summary,0.000000,,,,67106355739099136.000000,2 4 8 ,,0.500000,1.000000,0.586551,0.631635,0.613860,0.411339,1.000000,0 1 2 3 4 5 6 7 8 9 ,0 1 2 4 5 6 7 8 9 ,0.566667,0.000000 0.666667 2.005727 1.000000 0.333333 1.675935 2.000000 0.333333 1.000000 3.000000 0.333333 0.000000 4.000000 1.000000 2.263385 5.000000 1.000000 2.553510 6.000000 1.000000 2.553510 7.000000 0.333333 1.783956 8.000000 0.333333 0.891978 9.000000 0.333333 1.697539 
47,break_bond/phantom,-50329766804324352.000000,proposer,3 2 7 ,2 0,,,,,,,,,,,,,,
47,break_bond/phantom,0.000000,sender,1 3 8 ,3 1,,,,,,,,,,,,,,
47,break_bond/phantom,0.000000,sender,2 3 4 ,3 1,,,,,,,,,,,,,,
47,break_bond/phantom,0.000000,sender,7 3 8 ,3 1,,,,,,,,,,,,,,
47,summary,0.000000,,,,16776588934774784.000000,2 4 8 ,,0.250000,1.000000,0.586551,0.631635,0.613860,0.411339,1.000000,0 1 2 3 4 5 6 7 8 9 ,0 1 2 4 5 6 7 8 9 ,0.566667,0.000000 0.666667 2.005727 1.000000 0.333333 1.675935 2.000000 0.333333 1.000000 3.000000 0.333333 0.000000 4.000000 1.000000 2.263385 5.000000 1.000000 2.553510 6.000000 1.000000 2.553510 7.000000 0.333333 1.783956 8.000000 0.333333 0.891978 9.000000 0.333333 1.697539 
48,cf tax,25525353753843073024.000000,,2 ,,,,,,,,,,,,,,,
48,break_bond/phantom,-12582441701081088.000000,proposer,3 4 6 ,,,,,,,,,,,,,,,
48,break_bond/phantom,0.000000,sender,1 3 4 ,3 1,,,,,,,,,,,,,,
48,summary,0.000000,,,,51054903244057739264.000000,2 4 8 ,,0.000000,1.000000,0.586551,0.631635,0.613860,0.411339,1.000000,0 1 2 3 4 5 6 7 8 9 ,0 1 2 4 5 6 7 8 9 ,0.566667,0.000000 0.666667 2.005727 1.000000 0.333333 1.675935 2.000000 0.333333 1.000000 3.000000 0.333333 0.000000 4.000000 1.000000 2.263385 5.000000 1.000000 2.553510 6.000000 1.000000 2.553510 7.000000 0.333333 1.783956 8.000000 0.333333 0.891978 9.000000 0.333333 1.697539 
49,break_bond/phantom,-39057001575440449536.000000,proposer,3 1 2 ,1 0,,,,,,,,,,,,,,
49,break_bond/phantom,0.000000,sender,1 3 8 ,3 1,,,,,,,,,,,,,,
49,summary,0.000000,,,,11997901668617289728.000000,2 4 8 ,,0.500000,1.000000,0.586551,0.631635,0.613860,0.411339,1.000000,0 1 2 3 4 5 6 7 8 9 ,0 1 2 4 5 6 7 8 9 ,0.566667,0.000000 0.666667 2.005727 1.000000 0.333333 1.675935 2.000000 0.333333 1.000000 3.000000 0.333333 0.000000 4.000000 1.000000 2.263385 5.000000 1.000000 2.553510 6.000000 1.000000 2.553510 7.000000 0.333333 1.783956 8.000000 0.333333 0.891978 9.000000 0.333333 1.697539 
50,break_bond/phantom,-8998426251462967296.000000,proposer,3 2 7 ,2 0,,,,,,,,,,,,,,
50,break_bond/phantom,0.000000,sender,2 3 8 ,3 1,,,,,,,,,,,,,,
50,break_bond/phantom,0.000000,sender,7 3 4 ,3 1,,,,,,,,,,,,,,
50,summary,0.000000,,,,2999475417154322432.000000,2 4 8 ,,0.333333,1.000000,0.586551,0.631635,0.613860,0.411339,1.000000,0 1 2 3 4 5 6 7 8 9 ,0 1 2 4 5 6 7 8 9 ,0.566667,0.000000 0.666667 2.005727 1.000000 0.333333 1.675935 2.000000 0.333333 1.000000 3.000000 0.333333 0.000000 4.000000 1.000000 2.263385 5.000000 1.000000 2.553510 6.000000 1.000000 2.553510 7.000000 0.333333 1.783956 8.000000 0.333333 0.891978 9.000000 0.333333 1.697539 
51,break_bond/phantom,-2249606562865741824.000000,proposer,3 4 6 ,,,,,,,,,,,,,,,
51,summary,0.000000,,,,749868854288580608.000000,2 4 8 ,,0.000000,-1.000000,0.586551,0.631635,0.613860,0.411339,1.000000,0 1 2 3 4 5 6 7 8 9 ,0 1 2 4 5 6 7 8 9 ,0.566667,0.000000 0.666667 2.005727 1.000000 0.333333 1.675935 2.000000 0.333333 1.000000 3.000000 0.333333 0.000000 4.000000 1.000000 2.263385 5.000000 1.000000 2.553510 6.000000 1.000000 2.553510 7.000000 0.333333 1.783956 8.000000 0.333333 0.891978 9.000000 0.333333 1.697539 
52,break_bond/phantom,-562401640716435456.000000,proposer,3 0 1 ,,,,,,,,,,,,,,,
52,summary,0.000000,,,,187467213572145152.000000,2 4 8 ,,0.000000,-1.000000,0.586551,0.631635,0.613860,0.411339,1.000000,0 1 2 3 4 5 6 7 8 9 ,0 1 2 4 5 6 7 8 9 ,0.566667,0.000000 0.666667 2.005727 1.000000 0.333333 1.675935 2.000000 0.333333 1.000000 3.000000 0.333333 0.000000 4.000000 1.000000 2.263385 5.000000 1.000000 2.553510 6.000000 1.000000 2.553510 7.000000 0.333333 1.783956 8.000000 0.333333 0.891978 9.000000 0.333333 1.697539 
53,break_bond/phantom,-187467213572145152.000000,proposer,3 1 2 ,,,,,,,,,,,,,,,
53,summary,0.000000,,,,0.000000,2 4 8 ,,0.000000,-1.000000,0.586551,0.631635,0.613860,0.411339,1.000000,0 1 2 3 4 5 6 7 8 9 ,0 1 2 4 5 6 7 8 9 ,0.566667,0.000000 0.666667 2.005727 1.000000 0.333333 1.675935 2.000000 0.333333 1.000000 3.000000 0.333333 0.000000 4.000000 1.000000 2.263385 5.000000 1.000000 2.553510 6.000000 1.000000 2.553510 7.000000 0.333333 1.783956 8.000000 0.333333 0.891978 9.000000 0.333333 1.697539 
