time,event_type,impact,role,nodes,responses,currency,neighbors,contracts,transmission,cfAcceptanceRate,competition,greed,negotiation,growth,nodeRank,knownNodes,competitors,numPathsRatio,pathsInfo
21931,summary,0.000000,,,,100.000000,1 2 ,,-1.000000,-1.000000,0.650512,0.772418,0.496347,0.966110,1.000000,1 2 ,,0.000000,1.000000 0.000000 0.000000 2.000000 0.000000 0.000000 
1,summary,0.000000,,,,100.000000,1 2 ,,-1.000000,-1.000000,0.650512,0.772418,0.496347,0.966110,1.000000,1 2 ,,0.000000,1.000000 0.000000 0.000000 2.000000 0.000000 0.000000 
2,summary,0.000000,,,,100.000000,1 2 ,,-1.000000,-1.000000,0.650512,0.772418,0.496347,0.966110,1.000000,1 2 ,,0.000000,1.000000 0.000000 0.000000 2.000000 0.000000 0.000000 
3,summary,0.000000,,,,100.000000,1 2 ,,-1.000000,-1.000000,0.650512,0.772418,0.496347,0.966110,1.000000,1 2 ,,0.000000,1.000000 0.000000 0.000000 2.000000 0.000000 0.000000 
4,summary,0.000000,,,,100.000000,1 2 ,,-1.000000,-1.000000,0.650512,0.772418,0.496347,0.966110,1.000000,1 2 ,,0.000000,1.000000 0.000000 0.000000 2.000000 0.000000 0.000000 
5,summary,0.000000,,,,100.000000,1 2 ,,-1.000000,-1.000000,0.650512,0.772418,0.496347,0.966110,1.000000,1 2 ,,0.000000,1.000000 0.000000 0.000000 2.000000 0.000000 0.000000 
6,summary,0.000000,,,,100.000000,1 2 ,,-1.000000,-1.000000,0.650512,0.772418,0.496347,0.966110,1.000000,1 2 ,,0.000000,1.000000 0.000000 0.000000 2.000000 0.000000 0.000000 
7,summary,0.000000,,,,100.000000,1 2 ,,-1.000000,-1.000000,0.650512,0.772418,0.496347,0.966110,1.000000,1 2 ,,0.000000,1.000000 0.000000 0.000000 2.000000 0.000000 0.000000 
8,summary,0.000000,,,,100.000000,1 2 ,,-1.000000,-1.000000,0.650512,0.772418,0.496347,0.966110,1.000000,1 2 ,,0.000000,1.000000 0.000000 0.000000 2.000000 0.000000 0.000000 
9,summary,0.000000,,,,100.000000,1 2 ,,-1.000000,-1.000000,0.650512,0.772418,0.496347,0.966110,1.000000,1 2 ,,0.000000,1.000000 0.000000 0.000000 2.000000 0.000000 0.000000 
10,summary,0.000000,,,,100.000000,1 2 ,,-1.000000,-1.000000,0.650512,0.772418,0.496347,0.966110,1.000000,1 2 ,,0.000000,1.000000 0.000000 0.000000 2.000000 0.000000 0.000000 
11,discovery,-20.000000,,,,,,,,,,,,,,,,,
11,summary,0.000000,,,,80.000000,1 2 ,,-1.000000,-1.000000,0.650512,0.772418,0.496347,0.966110,0.742857,1 2 ,,0.600000,0.000000 0.333333 0.914327 1.000000 0.333333 0.457164 2.000000 1.000000 1.371491 3.000000 1.000000 1.523879 4.000000 1.000000 1.828655 5.000000 0.333333 1.371491 6.000000 0.666667 1.828655 7.000000 0.333333 0.000000 8.000000 0.333333 1.371491 9.000000 0.666667 1.828655 
12,break_bond/phantom,-45.500160,proposer,7 4 6 ,4 0,,,,,,,,,,,,,,
12,summary,0.000000,,,,34.499840,1 2 ,,1.000000,-1.000000,0.650512,0.772418,0.496347,0.966110,0.395349,0 1 2 3 4 5 6 7 8 9 ,0 3 4 5 6 8 9 ,0.600000,0.000000 0.333333 0.914327 1.000000 0.333333 0.457164 2.000000 1.000000 1.371491 3.000000 1.000000 1.523879 4.000000 1.000000 1.828655 5.000000 0.333333 1.371491 6.000000 0.666667 1.828655 7.000000 0.333333 0.000000 8.000000 0.333333 1.371491 9.000000 0.666667 1.828655 
13,break_bond/phantom,-11.211646,proposer,7 0 5 ,0 0,,,,,,,,,,,,,,
13,make_bond/direct,-4.172074,receiver,0 0 7 ,7 0,,,,,,,,,,,,,,
13,make_contract,-4.172074,receiver,1 1 7 ,7 1,,,,,,,,,,,,,,
13,summary,0.000000,,,,19.116119,1 2 ,1 ,1.000000,0.500000,0.650512,0.772418,0.496347,0.966110,0.395349,0 1 2 3 4 5 6 7 8 9 ,0 3 4 5 6 8 9 ,0.600000,0.000000 0.333333 0.914327 1.000000 0.333333 0.457164 2.000000 1.000000 1.371491 3.000000 1.000000 1.523879 4.000000 1.000000 1.828655 5.000000 0.333333 1.371491 6.000000 0.666667 1.828655 7.000000 0.333333 0.000000 8.000000 0.333333 1.371491 9.000000 0.666667 1.828655 
14,contract activity,38.232239,,,,,,,,,,,,,,,,,
14,break_bond/phantom,-18.636883,proposer,7 3 4 ,3 0,,,,,,,,,,,,,,
14,summary,0.000000,,,,38.711475,1 2 ,1 ,1.000000,-1.000000,0.650512,0.772418,0.496347,0.966110,0.423077,0 1 2 3 4 5 6 7 8 9 ,0 3 4 5 6 8 9 ,0.600000,0.000000 0.333333 0.914327 1.000000 0.333333 0.457164 2.000000 1.000000 1.371491 3.000000 1.000000 1.523879 4.000000 1.000000 1.828655 5.000000 0.333333 1.371491 6.000000 0.666667 1.828655 7.000000 0.333333 0.000000 8.000000 0.333333 1.371491 9.000000 0.666667 1.828655 
15,contract activity,77.422951,,,,,,,,,,,,,,,,,
15,break_bond/phantom,-39.500896,proposer,7 4 6 ,4 0,,,,,,,,,,,,,,
15,summary,0.000000,,,,76.633530,1 2 ,1 ,1.000000,-1.000000,0.650512,0.772418,0.496347,0.966110,0.423077,0 1 2 3 4 5 6 7 8 9 ,0 3 4 5 6 8 9 ,0.600000,0.000000 0.333333 0.914327 1.000000 0.333333 0.457164 2.000000 1.000000 1.371491 3.000000 1.000000 1.523879 4.000000 1.000000 1.828655 5.000000 0.333333 1.371491 6.000000 0.666667 1.828655 7.000000 0.333333 0.000000 8.000000 0.333333 1.371491 9.000000 0.666667 1.828655 
16,contract activity,153.267059,,,,,,,,,,,,,,,,,
16,break_bond/phantom,-78.196259,proposer,7 8 9 ,,,,,,,,,,,,,,,
16,make_bond/direct,-33.158737,receiver,0 0 7 ,7 0,,,,,,,,,,,,,,
16,summary,0.000000,,,,151.704330,1 2 ,1 ,0.500000,0.000000,0.650512,0.772418,0.496347,0.966110,0.450704,0 1 2 3 4 5 6 7 8 9 ,0 3 4 5 6 8 9 ,0.600000,0.000000 0.333333 0.914327 1.000000 0.333333 0.457164 2.000000 1.000000 1.371491 3.000000 1.000000 1.523879 4.000000 1.000000 1.828655 5.000000 0.333333 1.371491 6.000000 0.666667 1.828655 7.000000 0.333333 0.000000 8.000000 0.333333 1.371491 9.000000 0.666667 1.828655 
17,contract activity,303.408661,,,,,,,,,,,,,,,,,
17,break_bond/phantom,-161.276657,proposer,7 3 4 ,3 0,,,,,,,,,,,,,,
17,summary,0.000000,,,,293.836304,1 2 ,1 ,1.000000,-1.000000,0.650512,0.772418,0.496347,0.966110,0.430769,0 1 2 3 4 5 6 7 8 9 ,0 3 4 5 6 8 9 ,0.600000,0.000000 0.333333 0.914327 1.000000 0.333333 0.457164 2.000000 1.000000 1.371491 3.000000 1.000000 1.523879 4.000000 1.000000 1.828655 5.000000 0.333333 1.371491 6.000000 0.666667 1.828655 7.000000 0.333333 0.000000 8.000000 0.333333 1.371491 9.000000 0.666667 1.828655 
18,contract activity,587.672607,,,,,,,,,,,,,,,,,
18,break_bond/phantom,-301.944702,proposer,7 8 9 ,,,,,,,,,,,,,,,
18,summary,0.000000,,,,579.564209,1 2 ,1 ,0.500000,-1.000000,0.650512,0.772418,0.496347,0.966110,0.430769,0 1 2 3 4 5 6 7 8 9 ,0 3 4 5 6 8 9 ,0.600000,0.000000 0.333333 0.914327 1.000000 0.333333 0.457164 2.000000 1.000000 1.371491 3.000000 1.000000 1.523879 4.000000 1.000000 1.828655 5.000000 0.333333 1.371491 6.000000 0.666667 1.828655 7.000000 0.333333 0.000000 8.000000 0.333333 1.371491 9.000000 0.666667 1.828655 
19,contract activity,1159.128418,,,,,,,,,,,,,,,,,
19,break_bond/phantom,-583.879761,proposer,7 0 5 ,,,,,,,,,,,,,,,
19,summary,0.000000,,,,1154.812866,1 2 ,1 ,0.500000,-1.000000,0.650512,0.772418,0.496347,0.966110,0.430769,0 1 2 3 4 5 6 7 8 9 ,0 3 4 5 6 8 9 ,0.600000,0.000000 0.333333 0.914327 1.000000 0.333333 0.457164 2.000000 1.000000 1.371491 3.000000 1.000000 1.523879 4.000000 1.000000 1.828655 5.000000 0.333333 1.371491 6.000000 0.666667 1.828655 7.000000 0.333333 0.000000 8.000000 0.333333 1.371491 9.000000 0.666667 1.828655 
20,contract activity,2309.625732,,,,,,,,,,,,,,,,,
20,break_bond/phantom,-1163.411865,proposer,7 3 4 ,3 0,,,,,,,,,,,,,,
20,summary,0.000000,,,,2301.026611,1 2 ,1 ,1.000000,-1.000000,0.650512,0.772418,0.496347,0.966110,0.430769,0 1 2 3 4 5 6 7 8 9 ,0 3 4 5 6 8 9 ,0.600000,0.000000 0.333333 0.914327 1.000000 0.333333 0.457164 2.000000 1.000000 1.371491 3.000000 1.000000 1.523879 4.000000 1.000000 1.828655 5.000000 0.333333 1.371491 6.000000 0.666667 1.828655 7.000000 0.333333 0.000000 8.000000 0.333333 1.371491 9.000000 0.666667 1.828655 
21,contract activity,4602.053223,,,,,,,,,,,,,,,,,
21,break_bond/phantom,-2318.160645,proposer,7 0 5 ,,,,,,,,,,,,,,,
21,summary,0.000000,,,,4584.919434,1 2 ,1 ,0.500000,-1.000000,0.650512,0.772418,0.496347,0.966110,0.430769,0 1 2 3 4 5 6 7 8 9 ,0 3 4 5 6 8 9 ,0.600000,0.000000 0.333333 0.914327 1.000000 0.333333 0.457164 2.000000 1.000000 1.371491 3.000000 1.000000 1.523879 4.000000 1.000000 1.828655 5.000000 0.333333 1.371491 6.000000 0.666667 1.828655 7.000000 0.333333 0.000000 8.000000 0.333333 1.371491 9.000000 0.666667 1.828655 
22,contract activity,9169.838867,,,,,,,,,,,,,,,,,
22,break_bond/phantom,-4796.531250,proposer,7 3 4 ,3 0,,,,,,,,,,,,,,
22,summary,0.000000,,,,8958.226562,1 2 ,1 ,1.000000,-1.000000,0.650512,0.772418,0.496347,0.966110,0.430769,0 1 2 3 4 5 6 7 8 9 ,0 3 4 5 6 8 9 ,0.600000,0.000000 0.333333 0.914327 1.000000 0.333333 0.457164 2.000000 1.000000 1.371491 3.000000 1.000000 1.523879 4.000000 1.000000 1.828655 5.000000 0.333333 1.371491 6.000000 0.666667 1.828655 7.000000 0.333333 0.000000 8.000000 0.333333 1.371491 9.000000 0.666667 1.828655 
23,contract activity,17916.453125,,,,,,,,,,,,,,,,,
23,break_bond/phantom,-9371.683594,proposer,7 3 8 ,3 0,,,,,,,,,,,,,,
23,summary,0.000000,,,,17502.996094,1 2 ,1 ,1.000000,-1.000000,0.650512,0.772418,0.496347,0.966110,0.430769,0 1 2 3 4 5 6 7 8 9 ,0 3 4 5 6 8 9 ,0.600000,0.000000 0.333333 0.914327 1.000000 0.333333 0.457164 2.000000 1.000000 1.371491 3.000000 1.000000 1.523879 4.000000 1.000000 1.828655 5.000000 0.333333 1.371491 6.000000 0.666667 1.828655 7.000000 0.333333 0.000000 8.000000 0.333333 1.371491 9.000000 0.666667 1.828655 
24,contract activity,35005.992188,,,,,,,,,,,,,,,,,
24,break_bond/phantom,-17985.992188,proposer,7 8 9 ,,,,,,,,,,,,,,,
24,summary,0.000000,,,,34522.996094,1 2 ,1 ,0.500000,-1.000000,0.650512,0.772418,0.496347,0.966110,0.430769,0 1 2 3 4 5 6 7 8 9 ,0 3 4 5 6 8 9 ,0.600000,0.000000 0.333333 0.914327 1.000000 0.333333 0.457164 2.000000 1.000000 1.371491 3.000000 1.000000 1.523879 4.000000 1.000000 1.828655 5.000000 0.333333 1.371491 6.000000 0.666667 1.828655 7.000000 0.333333 0.000000 8.000000 0.333333 1.371491 9.000000 0.666667 1.828655 
25,contract activity,69045.992188,,,,,,,,,,,,,,,,,
25,break_bond/phantom,-34780.058594,proposer,7 3 4 ,3 0,,,,,,,,,,,,,,
25,summary,0.000000,,,,68788.921875,1 2 ,1 ,1.000000,-1.000000,0.650512,0.772418,0.496347,0.966110,0.430769,0 1 2 3 4 5 6 7 8 9 ,0 3 4 5 6 8 9 ,0.600000,0.000000 0.333333 0.914327 1.000000 0.333333 0.457164 2.000000 1.000000 1.371491 3.000000 1.000000 1.523879 4.000000 1.000000 1.828655 5.000000 0.333333 1.371491 6.000000 0.666667 1.828655 7.000000 0.333333 0.000000 8.000000 0.333333 1.371491 9.000000 0.666667 1.828655 
26,contract activity,137577.843750,,,,,,,,,,,,,,,,,
26,break_bond/phantom,-69301.132812,proposer,7 3 8 ,3 0,,,,,,,,,,,,,,
26,summary,0.000000,,,,137065.625000,1 2 ,1 ,1.000000,-1.000000,0.650512,0.772418,0.496347,0.966110,0.430769,0 1 2 3 4 5 6 7 8 9 ,0 3 4 5 6 8 9 ,0.600000,0.000000 0.333333 0.914327 1.000000 0.333333 0.457164 2.000000 1.000000 1.371491 3.000000 1.000000 1.523879 4.000000 1.000000 1.828655 5.000000 0.333333 1.371491 6.000000 0.666667 1.828655 7.000000 0.333333 0.000000 8.000000 0.333333 1.371491 9.000000 0.666667 1.828655 
27,contract activity,274131.250000,,,,,,,,,,,,,,,,,
27,break_bond/phantom,-138086.250000,proposer,7 3 4 ,3 0,,,,,,,,,,,,,,
27,make_contract,-58516.480469,receiver,2 2 7 ,7 1,,,,,,,,,,,,,,
27,summary,0.000000,,,,214594.140625,1 2 ,1 2 ,1.000000,1.000000,0.650512,0.772418,0.496347,0.966110,0.430769,0 1 2 3 4 5 6 7 8 9 ,0 3 4 5 6 8 9 ,0.600000,0.000000 0.333333 0.914327 1.000000 0.333333 0.457164 2.000000 1.000000 1.371491 3.000000 1.000000 1.523879 4.000000 1.000000 1.828655 5.000000 0.333333 1.371491 6.000000 0.666667 1.828655 7.000000 0.333333 0.000000 8.000000 0.333333 1.371491 9.000000 0.666667 1.828655 
28,contract activity,429188.281250,,,,,,,,,,,,,,,,,
28,contract activity,1287564.875000,,,,,,,,,,,,,,,,,
28,summary,0.000000,,,,1931347.250000,1 2 ,1 2 ,1.000000,-1.000000,0.650512,0.772418,0.496347,0.966110,0.430769,0 1 2 3 4 5 6 7 8 9 ,0 3 4 5 6 8 9 ,0.600000,0.000000 0.333333 0.914327 1.000000 0.333333 0.457164 2.000000 1.000000 1.371491 3.000000 1.000000 1.523879 4.000000 1.000000 1.828655 5.000000 0.333333 1.371491 6.000000 0.666667 1.828655 7.000000 0.333333 0.000000 8.000000 0.333333 1.371491 9.000000 0.666667 1.828655 
29,contract activity,3862694.500000,,,,,,,,,,,,,,,,,
29,contract activity,11588084.000000,,,,,,,,,,,,,,,,,
29,make_contract,-8304199.500000,sender,7 7 0 ,,,,,,,,,,,,,,,
29,summary,0.000000,,,,9077926.000000,1 2 ,1 2 ,0.666667,-1.000000,0.650512,0.772418,0.496347,0.966110,0.430769,0 1 2 3 4 5 6 7 8 9 ,0 3 4 5 6 8 9 ,0.600000,0.000000 0.333333 0.914327 1.000000 0.333333 0.457164 2.000000 1.000000 1.371491 3.000000 1.000000 1.523879 4.000000 1.000000 1.828655 5.000000 0.333333 1.371491 6.000000 0.666667 1.828655 7.000000 0.333333 0.000000 8.000000 0.333333 1.371491 9.000000 0.666667 1.828655 
30,contract activity,18155852.000000,,,,,,,,,,,,,,,,,
30,contract activity,54467556.000000,,,,,,,,,,,,,,,,,
30,break_bond/phantom,-27985296.000000,proposer,7 8 9 ,,,,,,,,,,,,,,,
30,summary,0.000000,,,,53716040.000000,1 2 ,1 2 ,0.666667,-1.000000,0.650512,0.772418,0.496347,0.966110,0.430769,0 1 2 3 4 5 6 7 8 9 ,0 3 4 5 6 8 9 ,0.600000,0.000000 0.333333 0.914327 1.000000 0.333333 0.457164 2.000000 1.000000 1.371491 3.000000 1.000000 1.523879 4.000000 1.000000 1.828655 5.000000 0.333333 1.371491 6.000000 0.666667 1.828655 7.000000 0.333333 0.000000 8.000000 0.333333 1.371491 9.000000 0.666667 1.828655 
31,contract activity,107432080.000000,,,,,,,,,,,,,,,,,
31,contract activity,322296256.000000,,,,,,,,,,,,,,,,,
31,break_bond/phantom,-168585728.000000,proposer,7 3 4 ,3 0,,,,,,,,,,,,,,
31,summary,0.000000,,,,314858656.000000,1 2 ,1 2 ,1.000000,-1.000000,0.650512,0.772418,0.496347,0.966110,0.430769,0 1 2 3 4 5 6 7 8 9 ,0 3 4 5 6 8 9 ,0.600000,0.000000 0.333333 0.914327 1.000000 0.333333 0.457164 2.000000 1.000000 1.371491 3.000000 1.000000 1.523879 4.000000 1.000000 1.828655 5.000000 0.333333 1.371491 6.000000 0.666667 1.828655 7.000000 0.333333 0.000000 8.000000 0.333333 1.371491 9.000000 0.666667 1.828655 
32,contract activity,629717312.000000,,,,,,,,,,,,,,,,,
32,contract activity,1889152000.000000,,,,,,,,,,,,,,,,,
32,break_bond/phantom,-988171840.000000,proposer,7 3 8 ,3 0,,,,,,,,,,,,,,
32,summary,0.000000,,,,1845556224.000000,1 2 ,1 2 ,1.000000,-1.000000,0.650512,0.772418,0.496347,0.966110,0.430769,0 1 2 3 4 5 6 7 8 9 ,0 3 4 5 6 8 9 ,0.600000,0.000000 0.333333 0.914327 1.000000 0.333333 0.457164 2.000000 1.000000 1.371491 3.000000 1.000000 1.523879 4.000000 1.000000 1.828655 5.000000 0.333333 1.371491 6.000000 0.666667 1.828655 7.000000 0.333333 0.000000 8.000000 0.333333 1.371491 9.000000 0.666667 1.828655 
33,contract activity,3691112448.000000,,,,,,,,,,,,,,,,,
33,contract activity,11073337344.000000,,,,,,,,,,,,,,,,,
33,break_bond/phantom,-5908051968.000000,proposer,7 4 6 ,,,,,,,,,,,,,,,
33,make_contract,-2363731712.000000,receiver,2 2 7 ,7 1,,,,,,,,,,,,,,
33,summary,0.000000,,,,8338222080.000000,1 2 ,1 2 ,0.666667,1.000000,0.650512,0.772418,0.496347,0.966110,0.430769,0 1 2 3 4 5 6 7 8 9 ,0 3 4 5 6 8 9 ,0.600000,0.000000 0.333333 0.914327 1.000000 0.333333 0.457164 2.000000 1.000000 1.371491 3.000000 1.000000 1.523879 4.000000 1.000000 1.828655 5.000000 0.333333 1.371491 6.000000 0.666667 1.828655 7.000000 0.333333 0.000000 8.000000 0.333333 1.371491 9.000000 0.666667 1.828655 
34,contract activity,16676444160.000000,,,,,,,,,,,,,,,,,
34,contract activity,50029330432.000000,,,,,,,,,,,,,,,,,
34,break_bond/phantom,-25200928768.000000,proposer,7 0 5 ,,,,,,,,,,,,,,,
34,summary,0.000000,,,,49843068928.000000,1 2 ,1 2 ,0.666667,-1.000000,0.650512,0.772418,0.496347,0.966110,0.430769,0 1 2 3 4 5 6 7 8 9 ,0 3 4 5 6 8 9 ,0.600000,0.000000 0.333333 0.914327 1.000000 0.333333 0.457164 2.000000 1.000000 1.371491 3.000000 1.000000 1.523879 4.000000 1.000000 1.828655 5.000000 0.333333 1.371491 6.000000 0.666667 1.828655 7.000000 0.333333 0.000000 8.000000 0.333333 1.371491 9.000000 0.666667 1.828655 
35,contract activity,99686137856.000000,,,,,,,,,,,,,,,,,
35,contract activity,299058397184.000000,,,,,,,,,,,,,,,,,
35,break_bond/phantom,-156430548992.000000,proposer,7 3 4 ,3 0,,,,,,,,,,,,,,
35,summary,0.000000,,,,292157063168.000000,1 2 ,1 2 ,1.000000,-1.000000,0.650512,0.772418,0.496347,0.966110,0.430769,0 1 2 3 4 5 6 7 8 9 ,0 3 4 5 6 8 9 ,0.600000,0.000000 0.333333 0.914327 1.000000 0.333333 0.457164 2.000000 1.000000 1.371491 3.000000 1.000000 1.523879 4.000000 1.000000 1.828655 5.000000 0.333333 1.371491 6.000000 0.666667 1.828655 7.000000 0.333333 0.000000 8.000000 0.333333 1.371491 9.000000 0.666667 1.828655 
36,contract activity,584314126336.000000,,,,,,,,,,,,,,,,,
36,contract activity,1752942379008.000000,,,,,,,,,,,,,,,,,
36,break_bond/phantom,-882997592064.000000,proposer,7 0 5 ,,,,,,,,,,,,,,,
36,summary,0.000000,,,,1746416041984.000000,1 2 ,1 2 ,0.666667,-1.000000,0.650512,0.772418,0.496347,0.966110,0.430769,0 1 2 3 4 5 6 7 8 9 ,0 3 4 5 6 8 9 ,0.600000,0.000000 0.333333 0.914327 1.000000 0.333333 0.457164 2.000000 1.000000 1.371491 3.000000 1.000000 1.523879 4.000000 1.000000 1.828655 5.000000 0.333333 1.371491 6.000000 0.666667 1.828655 7.000000 0.333333 0.000000 8.000000 0.333333 1.371491 9.000000 0.666667 1.828655 
37,contract activity,3492832083968.000000,,,,,,,,,,,,,,,,,
37,contract activity,10478496514048.000000,,,,,,,,,,,,,,,,,
37,break_bond/phantom,-5481059844096.000000,proposer,7 3 4 ,3 0,,,,,,,,,,,,,,
37,summary,0.000000,,,,10236685451264.000000,1 2 ,1 2 ,1.000000,-1.000000,0.650512,0.772418,0.496347,0.966110,0.430769,0 1 2 3 4 5 6 7 8 9 ,0 3 4 5 6 8 9 ,0.600000,0.000000 0.333333 0.914327 1.000000 0.333333 0.457164 2.000000 1.000000 1.371491 3.000000 1.000000 1.523879 4.000000 1.000000 1.828655 5.000000 0.333333 1.371491 6.000000 0.666667 1.828655 7.000000 0.333333 0.000000 8.000000 0.333333 1.371491 9.000000 0.666667 1.828655 
38,contract activity,20473370902528.000000,,,,,,,,,,,,,,,,,
38,contract activity,61420112707584.000000,,,,,,,,,,,,,,,,,
38,break_bond/phantom,-33613338902528.000000,proposer,7 3 8 ,3 0,,,,,,,,,,,,,,
38,summary,0.000000,,,,58516832256000.000000,1 2 ,1 2 ,1.000000,-1.000000,0.650512,0.772418,0.496347,0.966110,0.424242,0 1 2 3 4 5 6 7 8 9 ,0 3 4 5 6 8 9 ,0.600000,0.000000 0.333333 0.914327 1.000000 0.333333 0.457164 2.000000 1.000000 1.371491 3.000000 1.000000 1.523879 4.000000 1.000000 1.828655 5.000000 0.333333 1.371491 6.000000 0.666667 1.828655 7.000000 0.333333 0.000000 8.000000 0.333333 1.371491 9.000000 0.666667 1.828655 
39,contract activity,117033664512000.000000,,,,,,,,,,,,,,,,,
39,contract activity,351100993536000.000000,,,,,,,,,,,,,,,,,
39,break_bond/phantom,-179321981370368.000000,proposer,7 8 9 ,,,,,,,,,,,,,,,
39,summary,0.000000,,,,347329508933632.000000,1 2 ,1 2 ,0.666667,-1.000000,0.650512,0.772418,0.496347,0.966110,0.424242,0 1 2 3 4 5 6 7 8 9 ,0 3 4 5 6 8 9 ,0.600000,0.000000 0.333333 0.914327 1.000000 0.333333 0.457164 2.000000 1.000000 1.371491 3.000000 1.000000 1.523879 4.000000 1.000000 1.828655 5.000000 0.333333 1.371491 6.000000 0.666667 1.828655 7.000000 0.333333 0.000000 8.000000 0.333333 1.371491 9.000000 0.666667 1.828655 
40,contract activity,694659017867264.000000,,,,,,,,,,,,,,,,,
40,contract activity,2083977053601792.000000,,,,,,,,,,,,,,,,,
40,break_bond/phantom,-1084299524702208.000000,proposer,7 3 4 ,3 1,,,,,,,,,,,,,,
40,summary,0.000000,,,,2041665988591616.000000,1 2 ,1 2 ,1.000000,-1.000000,0.650512,0.772418,0.496347,0.966110,0.424242,0 1 2 3 4 5 6 7 8 9 ,0 3 4 5 6 8 9 ,0.600000,0.000000 0.333333 0.914327 1.000000 0.333333 0.457164 2.000000 1.000000 1.371491 3.000000 1.000000 1.523879 4.000000 1.000000 1.828655 5.000000 0.333333 1.371491 6.000000 0.666667 1.828655 7.000000 0.333333 0.000000 8.000000 0.333333 1.371491 9.000000 0.666667 1.828655 
41,contract activity,4083331977183232.000000,,,,,,,,,,,,,,,,,
41,contract activity,12249996199985152.000000,,,,,,,,,,,,,,,,,
41,break_bond/phantom,-6373711066169344.000000,proposer,7 3 8 ,3 1,,,,,,,,,,,,,,
41,summary,0.000000,,,,12001284307550208.000000,1 2 ,1 2 ,1.000000,-1.000000,0.650512,0.772418,0.496347,0.966110,0.424242,0 1 2 3 4 5 6 7 8 9 ,0 3 4 5 6 8 9 ,0.600000,0.000000 0.333333 0.914327 1.000000 0.333333 0.457164 2.000000 1.000000 1.371491 3.000000 1.000000 1.523879 4.000000 1.000000 1.828655 5.000000 0.333333 1.371491 6.000000 0.666667 1.828655 7.000000 0.333333 0.000000 8.000000 0.333333 1.371491 9.000000 0.666667 1.828655 
42,contract activity,24002568615100416.000000,,,,,,,,,,,,,,,,,
42,contract activity,72007703697817600.000000,,,,,,,,,,,,,,,,,
42,discovery,-386269.437500,,,,,,,,,,,,,,,,,
42,break_bond/phantom,-36777345394147328.000000,proposer,7 8 9 ,,,,,,,,,,,,,,,
42,summary,0.000000,,,,71234210152579072.000000,1 2 ,1 2 ,0.666667,-1.000000,0.650512,0.772418,0.496347,0.966110,0.430769,0 1 2 3 4 5 6 7 8 9 ,0 3 4 5 6 8 9 ,0.600000,0.000000 0.333333 0.914327 1.000000 0.333333 0.457164 2.000000 1.000000 1.133367 3.000000 1.000000 1.319099 4.000000 1.000000 1.828655 5.000000 0.333333 1.371491 6.000000 0.666667 1.828655 7.000000 0.333333 0.000000 8.000000 0.333333 1.371491 9.000000 0.666667 1.828655 
43,contract activity,142468420305158144.000000,,,,,,,,,,,,,,,,,
43,contract activity,427405252325539840.000000,,,,,,,,,,,,,,,,,
43,break_bond/phantom,-215293911545937920.000000,proposer,7 0 5 ,,,,,,,,,,,,,,,
43,summary,0.000000,,,,425813984122241024.000000,1 2 ,1 2 ,0.666667,-1.000000,0.650512,0.772418,0.496347,0.966110,0.430769,0 1 2 3 4 5 6 7 8 9 ,0 3 4 5 6 8 9 ,0.600000,0.000000 0.333333 0.914327 1.000000 0.333333 0.457164 2.000000 1.000000 1.133367 3.000000 1.000000 1.319099 4.000000 1.000000 1.828655 5.000000 0.333333 1.371491 6.000000 0.666667 1.828655 7.000000 0.333333 0.000000 8.000000 0.333333 1.371491 9.000000 0.666667 1.828655 
44,contract activity,851627968244482048.000000,,,,,,,,,,,,,,,,,
44,contract activity,2554884042172399616.000000,,,,,,,,,,,,,,,,,
44,make_contract,-1830869379177250816.000000,sender,7 7 0 ,,,,,,,,,,,,,,,
44,summary,0.000000,,,,2001456684081348608.000000,1 2 ,1 2 ,0.666667,-1.000000,0.650512,0.772418,0.496347,0.966110,0.430769,0 1 2 3 4 5 6 7 8 9 ,0 3 4 5 6 8 9 ,0.600000,0.000000 0.333333 0.914327 1.000000 0.333333 0.457164 2.000000 1.000000 1.133367 3.000000 1.000000 1.319099 4.000000 1.000000 1.828655 5.000000 0.333333 1.371491 6.000000 0.666667 1.828655 7.000000 0.333333 0.000000 8.000000 0.333333 1.371491 9.000000 0.666667 1.828655 
45,contract activity,4002913368162697216.000000,,,,,,,,,,,,,,,,,
45,contract activity,12008740654243905536.000000,,,,,,,,,,,,,,,,,
45,break_bond/phantom,-6407124734911184896.000000,proposer,7 4 6 ,,,,,,,,,,,,,,,
45,summary,0.000000,,,,11605986246454673408.000000,1 2 ,1 2 ,0.666667,-1.000000,0.650512,0.772418,0.496347,0.966110,0.430769,0 1 2 3 4 5 6 7 8 9 ,0 3 4 5 6 8 9 ,0.600000,0.000000 0.333333 0.914327 1.000000 0.333333 0.457164 2.000000 1.000000 1.133367 3.000000 1.000000 1.319099 4.000000 1.000000 1.828655 5.000000 0.333333 1.371491 6.000000 0.666667 1.828655 7.000000 0.333333 0.000000 8.000000 0.333333 1.371491 9.000000 0.666667 1.828655 
46,contract activity,23211972492909346816.000000,,,,,,,,,,,,,,,,,
46,contract activity,69635915279704784896.000000,,,,,,,,,,,,,,,,,
46,break_bond/phantom,-36424940063335383040.000000,proposer,7 3 4 ,3 1,,,,,,,,,,,,,,
46,summary,0.000000,,,,68028930657198538752.000000,1 2 ,1 2 ,1.000000,-1.000000,0.650512,0.772418,0.496347,0.966110,0.430769,0 1 2 3 4 5 6 7 8 9 ,0 3 4 5 6 8 9 ,0.600000,0.000000 0.333333 0.914327 1.000000 0.333333 0.457164 2.000000 1.000000 1.133367 3.000000 1.000000 1.319099 4.000000 1.000000 1.828655 5.000000 0.333333 1.371491 6.000000 0.666667 1.828655 7.000000 0.333333 0.000000 8.000000 0.333333 1.371491 9.000000 0.666667 1.828655 
47,contract activity,136057861314397077504.000000,,,,,,,,,,,,,,,,,
47,contract activity,408173583943191232512.000000,,,,,,,,,,,,,,,,,
47,break_bond/phantom,-205606457778670403584.000000,proposer,7 3 8 ,3 1,,,,,,,,,,,,,,
47,summary,0.000000,,,,406653900543930400768.000000,1 2 ,1 2 ,1.000000,-1.000000,0.650512,0.772418,0.496347,0.966110,0.430769,0 1 2 3 4 5 6 7 8 9 ,0 3 4 5 6 8 9 ,0.600000,0.000000 0.333333 0.914327 1.000000 0.333333 0.457164 2.000000 1.000000 1.133367 3.000000 1.000000 1.319099 4.000000 1.000000 1.828655 5.000000 0.333333 1.371491 6.000000 0.666667 1.828655 7.000000 0.333333 0.000000 8.000000 0.333333 1.371491 9.000000 0.666667 1.828655 
48,contract activity,813307801087860801536.000000,,,,,,,,,,,,,,,,,
48,contract activity,2439923332894838226944.000000,,,,,,,,,,,,,,,,,
48,break_bond/phantom,-1301793056839159513088.000000,proposer,7 8 9 ,,,,,,,,,,,,,,,
48,summary,0.000000,,,,2358092083240586182656.000000,1 2 ,1 2 ,0.666667,-1.000000,0.650512,0.772418,0.496347,0.966110,0.430769,0 1 2 3 4 5 6 7 8 9 ,0 3 4 5 6 8 9 ,0.600000,0.000000 0.333333 0.914327 1.000000 0.333333 0.457164 2.000000 1.000000 1.133367 3.000000 1.000000 1.319099 4.000000 1.000000 1.828655 5.000000 0.333333 1.371491 6.000000 0.666667 1.828655 7.000000 0.333333 0.000000 8.000000 0.333333 1.371491 9.000000 0.666667 1.828655 
49,contract activity,4716184166481172365312.000000,,,,,,,,,,,,,,,,,
49,contract activity,14148552499443517095936.000000,,,,,,,,,,,,,,,,,
49,break_bond/phantom,-7126953165713250975744.000000,proposer,7 0 5 ,,,,,,,,,,,,,,,
49,summary,0.000000,,,,14095875020502071246848.000000,1 2 ,1 2 ,0.666667,-1.000000,0.650512,0.772418,0.496347,0.966110,0.430769,0 1 2 3 4 5 6 7 8 9 ,0 3 4 5 6 8 9 ,0.600000,0.000000 0.333333 0.914327 1.000000 0.333333 0.457164 2.000000 1.000000 1.133367 3.000000 1.000000 1.319099 4.000000 1.000000 1.828655 5.000000 0.333333 1.371491 6.000000 0.666667 1.828655 7.000000 0.333333 0.000000 8.000000 0.333333 1.371491 9.000000 0.666667 1.828655 
50,contract activity,28191750041004142493696.000000,,,,,,,,,,,,,,,,,
50,contract activity,84575250123012427481088.000000,,,,,,,,,,,,,,,,,
50,break_bond/phantom,-44239363542818647703552.000000,proposer,7 3 4 ,3 1,,,,,,,,,,,,,,
50,summary,0.000000,,,,82623507138100366147584.000000,1 2 ,1 2 ,1.000000,-1.000000,0.650512,0.772418,0.496347,0.966110,0.430769,0 1 2 3 4 5 6 7 8 9 ,0 3 4 5 6 8 9 ,0.600000,0.000000 0.333333 0.914327 1.000000 0.333333 0.457164 2.000000 1.000000 1.133367 3.000000 1.000000 1.319099 4.000000 1.000000 1.828655 5.000000 0.333333 1.371491 6.000000 0.666667 1.828655 7.000000 0.333333 0.000000 8.000000 0.333333 1.371491 9.000000 0.666667 1.828655 
51,contract activity,165247014276200732295168.000000,,,,,,,,,,,,,,,,,
51,contract activity,495741042828602196885504.000000,,,,,,,,,,,,,,,,,
51,break_bond/phantom,-249716222642387094077440.000000,proposer,7 0 5 ,,,,,,,,,,,,,,,
51,make_contract,-120939033889459467714560.000000,receiver,2 2 7 ,7 1,,,,,,,,,,,,,,
51,summary,0.000000,,,,372956343739853752500224.000000,1 2 ,1 2 ,0.666667,1.000000,0.650512,0.772418,0.496347,0.966110,0.430769,0 1 2 3 4 5 6 7 8 9 ,0 3 4 5 6 8 9 ,0.600000,0.000000 0.333333 0.914327 1.000000 0.333333 0.457164 2.000000 1.000000 1.133367 3.000000 1.000000 1.319099 4.000000 1.000000 1.828655 5.000000 0.333333 1.371491 6.000000 0.666667 1.828655 7.000000 0.333333 0.000000 8.000000 0.333333 1.371491 9.000000 0.666667 1.828655 
52,contract activity,745912687479707505000448.000000,,,,,,,,,,,,,,,,,
52,contract activity,0.000000,,,,,,,,,,,,,,,,,
52,break_bond/phantom,-382519359246206301634560.000000,proposer,7 3 8 ,,,,,,,,,,,,,,,
52,summary,0.000000,,,,736349635944557936902144.000000,1 2 ,1 2 ,0.333333,-1.000000,0.650512,0.772418,0.496347,0.966110,0.473684,0 1 2 3 4 5 6 7 8 9 ,0 3 4 5 6 8 9 ,0.600000,0.000000 0.333333 0.914327 1.000000 0.333333 0.457164 2.000000 1.000000 1.133367 3.000000 1.000000 1.319099 4.000000 1.000000 1.828655 5.000000 0.333333 1.371491 6.000000 0.666667 1.828655 7.000000 0.333333 0.000000 8.000000 0.333333 1.371491 9.000000 0.666667 1.828655 
53,contract activity,1472699271889115873804288.000000,,,,,,,,,,,,,,,,,
53,contract activity,0.000000,,,,,,,,,,,,,,,,,
53,make_contract,-1304501571194656030457856.000000,sender,7 7 0 ,,,,,,,,,,,,,,,
53,summary,0.000000,,,,904547336639017780248576.000000,1 2 ,1 2 ,0.333333,-1.000000,0.650512,0.772418,0.496347,0.966110,0.500000,0 1 2 3 4 5 6 7 8 9 ,0 3 4 5 6 8 9 ,0.600000,0.000000 0.333333 0.914327 1.000000 0.333333 0.457164 2.000000 1.000000 1.133367 3.000000 1.000000 1.319099 4.000000 1.000000 1.828655 5.000000 0.333333 1.371491 6.000000 0.666667 1.828655 7.000000 0.333333 0.000000 8.000000 0.333333 1.371491 9.000000 0.666667 1.828655 
54,contract activity,1809094673278035560497152.000000,,,,,,,,,,,,,,,,,
54,contract activity,0.000000,,,,,,,,,,,,,,,,,
54,break_bond/phantom,-1292210563264418586558464.000000,proposer,7 4 6 ,,,,,,,,,,,,,,,
54,summary,0.000000,,,,1421431446652634754187264.000000,1 2 ,1 2 ,0.333333,-1.000000,0.650512,0.772418,0.496347,0.966110,0.727273,0 1 2 3 4 5 6 7 8 9 ,0 3 4 5 6 8 9 ,0.600000,0.000000 0.333333 0.914327 1.000000 0.333333 0.457164 2.000000 1.000000 1.133367 3.000000 1.000000 1.319099 4.000000 1.000000 1.828655 5.000000 0.333333 1.371491 6.000000 0.666667 1.828655 7.000000 0.333333 0.000000 8.000000 0.333333 1.371491 9.000000 0.666667 1.828655 
55,contract activity,2842862893305269508374528.000000,,,,,,,,,,,,,,,,,
55,contract activity,0.000000,,,,,,,,,,,,,,,,,
55,break_bond/phantom,-2504304034712955073331200.000000,proposer,7 0 5 ,,,,,,,,,,,,,,,
55,summary,0.000000,,,,1759990305244949189230592.000000,1 2 ,1 2 ,0.333333,-1.000000,0.650512,0.772418,0.496347,0.966110,0.727273,0 1 2 3 4 5 6 7 8 9 ,0 3 4 5 6 8 9 ,0.600000,0.000000 0.333333 0.914327 1.000000 0.333333 0.457164 2.000000 1.000000 1.133367 3.000000 1.000000 1.319099 4.000000 1.000000 1.828655 5.000000 0.333333 1.371491 6.000000 0.666667 1.828655 7.000000 0.333333 0.000000 8.000000 0.333333 1.371491 9.000000 0.666667 1.828655 
56,contract activity,3519980610489898378461184.000000,,,,,,,,,,,,,,,,,
56,contract activity,0.000000,,,,,,,,,,,,,,,,,
56,break_bond/phantom,-2919984118591430716293120.000000,proposer,7 3 4 ,,,,,,,,,,,,,,,
56,summary,0.000000,,,,2359987085373793003110400.000000,1 2 ,1 2 ,0.333333,-1.000000,0.650512,0.772418,0.496347,0.966110,0.727273,0 1 2 3 4 5 6 7 8 9 ,0 3 4 5 6 8 9 ,0.600000,0.000000 0.333333 0.914327 1.000000 0.333333 0.457164 2.000000 1.000000 1.133367 3.000000 1.000000 1.319099 4.000000 1.000000 1.828655 5.000000 0.333333 1.371491 6.000000 0.666667 1.828655 7.000000 0.333333 0.000000 8.000000 0.333333 1.371491 9.000000 0.666667 1.828655 
57,contract activity,0.000000,,,,,,,,,,,,,,,,,
57,contract activity,0.000000,,,,,,,,,,,,,,,,,
57,break_bond/phantom,-1466052679415057400987648.000000,proposer,7 0 5 ,,,,,,,,,,,,,,,
57,summary,0.000000,,,,893934405958735602122752.000000,1 2 ,1 2 ,0.000000,-1.000000,0.650512,0.772418,0.496347,0.966110,0.777778,0 1 2 3 4 5 6 7 8 9 ,0 3 4 5 6 8 9 ,0.600000,0.000000 0.333333 0.914327 1.000000 0.333333 0.457164 2.000000 1.000000 1.133367 3.000000 1.000000 1.319099 4.000000 1.000000 1.828655 5.000000 0.333333 1.371491 6.000000 0.666667 1.828655 7.000000 0.333333 0.000000 8.000000 0.333333 1.371491 9.000000 0.666667 1.828655 
58,contract activity,0.000000,,,,,,,,,,,,,,,,,
58,contract activity,0.000000,,,,,,,,,,,,,,,,,
58,break_bond/phantom,-893934405958735602122752.000000,proposer,7 3 4 ,,,,,,,,,,,,,,,
58,summary,0.000000,,,,0.000000,1 2 ,1 2 ,0.000000,-1.000000,0.650512,0.772418,0.496347,0.966110,0.833333,0 1 2 3 4 5 6 7 8 9 ,0 3 4 5 6 8 9 ,0.600000,0.000000 0.333333 0.914327 1.000000 0.333333 0.457164 2.000000 1.000000 1.133367 3.000000 1.000000 1.319099 4.000000 1.000000 1.828655 5.000000 0.333333 1.371491 6.000000 0.666667 1.828655 7.000000 0.333333 0.000000 8.000000 0.333333 1.371491 9.000000 0.666667 1.828655 
